Batch_ID,Stage,Start_Time_Min,End_Time_Min,Duration_Min
Премиум_batch_1,Комбинирование,0,2,2
Семейный_batch_4,Комбинирование,0,2,2
Премиум_batch_1,Смешивание,2,12,10
Семейный_batch_4,Смешивание,2,12,10
Сэндвич_batch_7,Комбинирование,2,23,21
Чиабатта_batch_1,Комбинирование,2,8,6
Бородинский_batch_3,Комбинирование,8,29,21
Чиабатта_batch_1,Смешивание,8,18,10
Премиум_batch_1,Формовка,12,13,1
Семейный_batch_4,Формовка,12,13,1
Премиум_batch_1,Расстойка,13,38,25
Семейный_batch_4,Расстойка,13,38,25
Чиабатта_batch_1,Формовка,18,22,4
Чиабатта_batch_1,Расстойка,22,47,25
Батон Нарезной_batch_1,Комбинирование,23,44,21
Сэндвич_batch_7,Смешивание,23,33,10
Бородинский_batch_3,Смешивание,29,39,10
Сэндвич_batch_2,Комбинирование,29,50,21
Сэндвич_batch_7,Формовка,33,44,11
Премиум_batch_1,Выпекание,38,63,25
Семейный_batch_4,Выпекание,38,55,17
Бородинский_batch_3,Формовка,39,50,11
Батон Нарезной_batch_1,Смешивание,44,54,10
Булочка для хотдога штучно_batch_2,Комбинирование,44,65,21
Сэндвич_batch_7,Расстойка,44,69,25
Чиабатта_batch_1,Выпекание,47,72,25
Бородинский_batch_3,Расстойка,50,70,20
Сэндвич_batch_2,Смешивание,50,60,10
Формовой_batch_19,Комбинирование,50,71,21
Батон Нарезной_batch_1,Формовка,54,65,11
Семейный_batch_4,Остывание,55,115,60
Сэндвич_batch_2,Формовка,60,71,11
Премиум_batch_1,Остывание,63,138,75
Батон Нарезной_batch_1,Расстойка,65,90,25
Булочка для хотдога штучно_batch_2,Смешивание,65,75,10
Сэндвич_batch_27,Комбинирование,65,86,21
Сэндвич_batch_7,Выпекание,69,91,22
Бородинский_batch_3,Выпекание,70,125,55
Бородинский_batch_1,Комбинирование,71,92,21
Сэндвич_batch_2,Расстойка,71,96,25
Формовой_batch_19,Смешивание,71,83,12
Чиабатта_batch_1,Остывание,72,147,75
Булочка для хотдога штучно_batch_2,Формовка,75,86,11
Формовой_batch_19,Формовка,83,94,11
Булочка для хотдога штучно_batch_2,Расстойка,86,111,25
Сэндвич_batch_17,Комбинирование,86,107,21
Сэндвич_batch_27,Смешивание,86,96,10
Батон Нарезной_batch_1,Выпекание,90,107,17
Сэндвич_batch_7,Остывание,91,136,45
Бородинский_batch_1,Смешивание,92,102,10
Хлеб «Зерновой»_batch_1,Комбинирование,92,113,21
Формовой_batch_19,Расстойка,94,119,25
Сэндвич_batch_2,Выпекание,96,118,22
Сэндвич_batch_27,Формовка,96,107,11
Бородинский_batch_1,Формовка,102,113,11
Батон Нарезной_batch_1,Остывание,107,167,60
Сэндвич_batch_17,Смешивание,107,117,10
Сэндвич_batch_27,Расстойка,107,132,25
Формовой_batch_20,Комбинирование,107,128,21
Булочка для хотдога штучно_batch_2,Выпекание,111,133,22
Бородинский_batch_1,Расстойка,113,133,20
Диета_batch_4,Комбинирование,113,115,2
Хлеб «Зерновой»_batch_1,Смешивание,113,123,10
Любимый_batch_5,Комбинирование,115,136,21
Диета_batch_4,Смешивание,117,127,10
Сэндвич_batch_17,Формовка,117,128,11
Сэндвич_batch_2,Остывание,118,163,45
Формовой_batch_19,Выпекание,119,164,45
Хлеб «Зерновой»_batch_1,Формовка,123,134,11
Бородинский_batch_3,Остывание,125,245,120
Булочка для гамбургера большой с кунжутом_batch_2,Комбинирование,128,145,17
Сэндвич_batch_17,Расстойка,128,153,25
Формовой_batch_20,Смешивание,128,140,12
Сэндвич_batch_27,Выпекание,132,154,22
Бородинский_batch_1,Выпекание,133,188,55
Булочка для хотдога штучно_batch_2,Остывание,133,178,45
Диета_batch_4,Формовка,134,135,1
Хлеб «Зерновой»_batch_1,Расстойка,134,159,25
Диета_batch_4,Расстойка,135,173,38
Любимый_batch_5,Смешивание,136,146,10
Сэндвич_batch_30,Комбинирование,136,157,21
Формовой_batch_20,Формовка,140,151,11
Булочка для гамбургера большой с кунжутом_batch_2,Смешивание,145,155,10
Хлеб «Зерновой»_batch_2,Комбинирование,145,154,9
Любимый_batch_5,Формовка,146,157,11
Формовой_batch_20,Расстойка,151,176,25
Сэндвич_batch_17,Выпекание,153,175,22
Домашний_batch_1,Комбинирование,154,157,3
Сэндвич_batch_27,Остывание,154,199,45
Хлеб «Зерновой»_batch_2,Смешивание,154,164,10
Булочка для гамбургера большой с кунжутом_batch_2,Формовка,155,164,9
Домашний_batch_1,Смешивание,157,167,10
Любимый_batch_5,Расстойка,157,182,25
Сэндвич_batch_30,Смешивание,157,167,10
Сэндвич_batch_32,Комбинирование,157,178,21
Сэндвич_batch_37,Комбинирование,157,178,21
Хлеб «Зерновой»_batch_1,Выпекание,159,184,25
Булочка для гамбургера большой с кунжутом_batch_2,Расстойка,164,189,25
Формовой_batch_19,Остывание,164,254,90
Хлеб «Зерновой»_batch_2,Формовка,164,169,5
Сэндвич_batch_30,Формовка,167,178,11
Домашний_batch_1,Формовка,169,171,2
Хлеб «Зерновой»_batch_2,Расстойка,169,194,25
Домашний_batch_1,Расстойка,171,196,25
Диета_batch_4,Выпекание,173,208,35
Сэндвич_batch_17,Остывание,175,220,45
Формовой_batch_20,Выпекание,176,221,45
Булочка для гамбургера большой с кунжутом_batch_1,Комбинирование,178,199,21
Жайлы_batch_2,Комбинирование,178,185,7
Сэндвич_batch_30,Расстойка,178,203,25
Сэндвич_batch_32,Смешивание,178,188,10
Сэндвич_batch_37,Смешивание,178,188,10
Любимый_batch_5,Выпекание,182,199,17
Хлеб «Зерновой»_batch_1,Остывание,184,259,75
Формовой_batch_3,Комбинирование,185,206,21
Бородинский_batch_1,Остывание,188,308,120
Жайлы_batch_2,Смешивание,188,198,10
Сэндвич_batch_32,Формовка,188,199,11
Сэндвич_batch_37,Формовка,188,199,11
Булочка для гамбургера большой с кунжутом_batch_2,Выпекание,189,211,22
Хлеб «Зерновой»_batch_2,Выпекание,194,219,25
Булочка для гамбургера большой с кунжутом_batch_1,Смешивание,199,209,10
Домашний_batch_1,Выпекание,199,216,17
Жайлы_batch_2,Формовка,199,203,4
Любимый_batch_5,Остывание,199,259,60
Семейный_batch_1,Комбинирование,199,220,21
Сэндвич_batch_32,Расстойка,199,224,25
Сэндвич_batch_37,Расстойка,199,224,25
Жайлы_batch_2,Расстойка,203,228,25
Сэндвич_batch_30,Выпекание,203,225,22
Семейный_batch_2,Комбинирование,206,227,21
Формовой_batch_3,Смешивание,206,218,12
Диета_batch_4,Остывание,208,298,90
Булочка для гамбургера большой с кунжутом_batch_1,Формовка,209,220,11
Булочка для гамбургера большой с кунжутом_batch_2,Остывание,211,256,45
Домашний_batch_1,Остывание,216,276,60
Формовой_batch_3,Формовка,218,229,11
Хлеб «Зерновой»_batch_2,Остывание,219,294,75
Булочка для гамбургера большой с кунжутом_batch_1,Расстойка,220,245,25
Отрубной (общий)_batch_3,Комбинирование,220,230,10
Семейный_batch_1,Смешивание,220,230,10
Формовой_batch_20,Остывание,221,311,90
Сэндвич_batch_32,Выпекание,224,246,22
Сэндвич_batch_37,Выпекание,224,246,22
Сэндвич_batch_30,Остывание,225,270,45
Семейный_batch_2,Смешивание,227,237,10
Формовой_batch_6,Комбинирование,227,248,21
Жайлы_batch_2,Выпекание,228,245,17
Формовой_batch_3,Расстойка,229,254,25
Отрубной (общий)_batch_3,Смешивание,230,240,10
Семейный_batch_1,Формовка,230,241,11
Формовой_batch_7,Комбинирование,230,251,21
Семейный_batch_2,Формовка,237,248,11
Отрубной (общий)_batch_3,Формовка,241,246,5
Семейный_batch_1,Расстойка,241,266,25
Булочка для гамбургера большой с кунжутом_batch_1,Выпекание,245,267,22
Жайлы_batch_2,Остывание,245,305,60
Отрубной (общий)_batch_3,Расстойка,246,271,25
Сэндвич_batch_32,Остывание,246,291,45
Сэндвич_batch_37,Остывание,246,291,45
Диета_batch_1,Комбинирование,248,269,21
Семейный_batch_2,Расстойка,248,273,25
Формовой_batch_6,Смешивание,248,260,12
Сэндвич_batch_22,Комбинирование,251,272,21
Формовой_batch_7,Смешивание,251,263,12
Формовой_batch_3,Выпекание,254,299,45
Формовой_batch_6,Формовка,260,271,11
Формовой_batch_7,Формовка,263,274,11
Семейный_batch_1,Выпекание,266,283,17
Булочка для гамбургера большой с кунжутом_batch_1,Остывание,267,312,45
Диета_batch_1,Смешивание,269,279,10
Формовой_batch_12,Комбинирование,269,290,21
Отрубной (общий)_batch_3,Выпекание,271,288,17
Формовой_batch_6,Расстойка,271,296,25
Сэндвич_batch_22,Смешивание,272,282,10
Сэндвич_batch_3,Комбинирование,272,293,21
Семейный_batch_2,Выпекание,273,290,17
Формовой_batch_7,Расстойка,274,299,25
Диета_batch_1,Формовка,279,290,11
Сэндвич_batch_22,Формовка,282,293,11
Семейный_batch_1,Остывание,283,343,60
Отрубной (общий)_batch_3,Остывание,288,348,60
Диета_batch_1,Расстойка,290,328,38
Диета_batch_3,Комбинирование,290,311,21
Семейный_batch_2,Остывание,290,350,60
Формовой_batch_12,Смешивание,290,302,12
Сэндвич_batch_22,Расстойка,293,318,25
Сэндвич_batch_29,Комбинирование,293,314,21
Сэндвич_batch_3,Смешивание,293,303,10
Формовой_batch_6,Выпекание,296,341,45
Формовой_batch_3,Остывание,299,389,90
Формовой_batch_7,Выпекание,299,344,45
Формовой_batch_12,Формовка,302,313,11
Сэндвич_batch_3,Формовка,303,314,11
Диета_batch_3,Смешивание,311,321,10
Любимый_batch_3,Комбинирование,311,332,21
Формовой_batch_12,Расстойка,313,338,25
Сэндвич_batch_24,Комбинирование,314,335,21
Сэндвич_batch_29,Смешивание,314,324,10
Сэндвич_batch_3,Расстойка,314,339,25
Сэндвич_batch_22,Выпекание,318,340,22
Диета_batch_3,Формовка,321,332,11
Сэндвич_batch_29,Формовка,324,335,11
Диета_batch_1,Выпекание,328,363,35
Диета_batch_3,Расстойка,332,370,38
Любимый_batch_3,Смешивание,332,342,10
Сэндвич_batch_1,Комбинирование,332,353,21
Сэндвич_batch_10,Комбинирование,335,356,21
Сэндвич_batch_24,Смешивание,335,345,10
Сэндвич_batch_29,Расстойка,335,360,25
Формовой_batch_12,Выпекание,338,383,45
Сэндвич_batch_3,Выпекание,339,361,22
Сэндвич_batch_22,Остывание,340,385,45
Формовой_batch_6,Остывание,341,431,90
Любимый_batch_3,Формовка,342,353,11
Формовой_batch_7,Остывание,344,434,90
Сэндвич_batch_24,Формовка,345,356,11
Любимый_batch_3,Расстойка,353,378,25
Мини формовой_batch_4,Комбинирование,353,364,11
Сэндвич_batch_1,Смешивание,353,363,10
Сэндвич_batch_10,Смешивание,356,366,10
Сэндвич_batch_24,Расстойка,356,381,25
Формовой_batch_13,Комбинирование,356,377,21
Сэндвич_batch_29,Выпекание,360,382,22
Сэндвич_batch_3,Остывание,361,406,45
Диета_batch_1,Остывание,363,453,90
Сэндвич_batch_1,Формовка,363,374,11
Датский_batch_1,Комбинирование,364,371,7
Мини формовой_batch_4,Смешивание,364,376,12
Сэндвич_batch_10,Формовка,366,377,11
Диета_batch_3,Выпекание,370,405,35
Датский_batch_1,Смешивание,371,381,10
Здоровье_batch_1,Комбинирование,371,375,4
Сэндвич_batch_1,Расстойка,374,399,25
Батон Нарезной_batch_4,Комбинирование,375,389,14
Здоровье_batch_1,Смешивание,376,386,10
Мини формовой_batch_4,Формовка,376,382,6
Сэндвич_batch_10,Расстойка,377,402,25
Формовой_batch_13,Смешивание,377,389,12
Формовой_batch_22,Комбинирование,377,398,21
Любимый_batch_3,Выпекание,378,395,17
Сэндвич_batch_24,Выпекание,381,403,22
Датский_batch_1,Формовка,382,386,4
Мини формовой_batch_4,Расстойка,382,407,25
Сэндвич_batch_29,Остывание,382,427,45
Формовой_batch_12,Остывание,383,473,90
Датский_batch_1,Расстойка,386,411,25
Здоровье_batch_1,Формовка,386,389,3
Батон Нарезной_batch_4,Смешивание,389,399,10
Здоровье_batch_1,Расстойка,389,414,25
Формовой_batch_11,Комбинирование,389,410,21
Формовой_batch_13,Формовка,389,400,11
Любимый_batch_3,Остывание,395,455,60
Мини формовой_batch_1,Комбинирование,398,419,21
Формовой_batch_22,Смешивание,398,410,12
Батон Нарезной_batch_4,Формовка,399,406,7
Сэндвич_batch_1,Выпекание,399,421,22
Формовой_batch_13,Расстойка,400,425,25
Сэндвич_batch_10,Выпекание,402,424,22
Сэндвич_batch_24,Остывание,403,448,45
Диета_batch_3,Остывание,405,495,90
Батон Нарезной_batch_4,Расстойка,406,431,25
Мини формовой_batch_4,Выпекание,407,452,45
Сэндвич_batch_31,Комбинирование,410,431,21
Формовой_batch_11,Смешивание,410,422,12
Формовой_batch_22,Формовка,410,421,11
Датский_batch_1,Выпекание,411,428,17
Здоровье_batch_1,Выпекание,414,432,18
Мини формовой_batch_1,Смешивание,419,431,12
Сэндвич_batch_26,Комбинирование,419,440,21
Сэндвич_batch_1,Остывание,421,466,45
Формовой_batch_22,Расстойка,421,446,25
Формовой_batch_11,Формовка,422,433,11
Сэндвич_batch_10,Остывание,424,469,45
Формовой_batch_13,Выпекание,425,470,45
Датский_batch_1,Остывание,428,488,60
Батон Нарезной_batch_4,Выпекание,431,448,17
Мини формовой_batch_1,Формовка,431,442,11
Мини формовой_batch_2,Комбинирование,431,452,21
Сэндвич_batch_31,Смешивание,431,441,10
Здоровье_batch_1,Остывание,432,492,60
Формовой_batch_11,Расстойка,433,458,25
Любимый_batch_6,Комбинирование,440,461,21
Сэндвич_batch_26,Смешивание,440,450,10
Сэндвич_batch_31,Формовка,441,452,11
Мини формовой_batch_1,Расстойка,442,467,25
Формовой_batch_22,Выпекание,446,491,45
Батон Нарезной_batch_4,Остывание,448,508,60
Сэндвич_batch_26,Формовка,450,461,11
Мини формовой_batch_2,Смешивание,452,464,12
Мини формовой_batch_4,Остывание,452,542,90
Сэндвич_batch_31,Расстойка,452,477,25
Сэндвич_batch_9,Комбинирование,452,473,21
Формовой_batch_11,Выпекание,458,503,45
Любимый_batch_6,Смешивание,461,471,10
Сэндвич_batch_26,Расстойка,461,486,25
Сэндвич_batch_4,Комбинирование,461,482,21
Мини формовой_batch_2,Формовка,464,475,11
Мини формовой_batch_1,Выпекание,467,512,45
Формовой_batch_13,Остывание,470,560,90
Любимый_batch_6,Формовка,471,482,11
Сэндвич_batch_9,Смешивание,473,483,10
Формовой_batch_9,Комбинирование,473,494,21
Мини формовой_batch_2,Расстойка,475,500,25
Сэндвич_batch_31,Выпекание,477,499,22
Багет отрубной_batch_1,Комбинирование,482,493,11
Любимый_batch_6,Расстойка,482,507,25
Сэндвич_batch_4,Смешивание,482,492,10
Сэндвич_batch_9,Формовка,483,494,11
Сэндвич_batch_26,Выпекание,486,508,22
Формовой_batch_22,Остывание,491,581,90
Сэндвич_batch_4,Формовка,492,503,11
Багет отрубной_batch_1,Смешивание,493,503,10
Немецкий хлеб_batch_1,Комбинирование,493,496,3
Сэндвич_batch_6,Комбинирование,494,515,21
Сэндвич_batch_9,Расстойка,494,519,25
Формовой_batch_9,Смешивание,494,506,12
Немецкий хлеб_batch_1,Смешивание,496,506,10
Формовой_batch_17,Комбинирование,496,517,21
Сэндвич_batch_31,Остывание,499,544,45
Мини формовой_batch_2,Выпекание,500,545,45
Багет отрубной_batch_1,Формовка,503,509,6
Сэндвич_batch_4,Расстойка,503,528,25
Формовой_batch_11,Остывание,503,593,90
Формовой_batch_9,Формовка,506,517,11
Любимый_batch_6,Выпекание,507,524,17
Сэндвич_batch_26,Остывание,508,553,45
Багет отрубной_batch_1,Расстойка,509,534,25
Немецкий хлеб_batch_1,Формовка,509,511,2
Немецкий хлеб_batch_1,Расстойка,511,536,25
Мини формовой_batch_1,Остывание,512,602,90
Сэндвич_batch_6,Смешивание,515,525,10
Формовой_batch_24,Комбинирование,515,536,21
Бородинский_batch_4,Комбинирование,517,538,21
Формовой_batch_17,Смешивание,517,529,12
Формовой_batch_9,Расстойка,517,542,25
Сэндвич_batch_9,Выпекание,519,541,22
Любимый_batch_6,Остывание,524,584,60
Сэндвич_batch_6,Формовка,525,536,11
Сэндвич_batch_4,Выпекание,528,550,22
Формовой_batch_17,Формовка,529,540,11
Багет отрубной_batch_1,Выпекание,534,552,18
Немецкий хлеб_batch_1,Выпекание,536,561,25
Сэндвич_batch_6,Расстойка,536,561,25
Формовой_batch_24,Смешивание,536,548,12
Формовой_batch_5,Комбинирование,536,557,21
Бородинский_batch_4,Смешивание,538,548,10
Плетенка_batch_1,Комбинирование,538,559,21
Формовой_batch_17,Расстойка,540,565,25
Сэндвич_batch_9,Остывание,541,586,45
Формовой_batch_9,Выпекание,542,587,45
Мини формовой_batch_2,Остывание,545,635,90
Бородинский_batch_4,Формовка,548,559,11
Формовой_batch_24,Формовка,548,559,11
Сэндвич_batch_4,Остывание,550,595,45
Багет отрубной_batch_1,Остывание,552,597,45
Булочка для хотдога штучно_batch_1,Комбинирование,557,578,21
Формовой_batch_5,Смешивание,557,569,12
Бородинский_batch_4,Расстойка,559,579,20
Плетенка_batch_1,Смешивание,559,569,10
Сэндвич_batch_13,Комбинирование,559,580,21
Формовой_batch_24,Расстойка,559,584,25
Немецкий хлеб_batch_1,Остывание,561,636,75
Сэндвич_batch_6,Выпекание,561,583,22
Формовой_batch_17,Выпекание,565,610,45
Плетенка_batch_1,Формовка,569,580,11
Формовой_batch_5,Формовка,569,580,11
Береке_batch_2,Комбинирование,578,589,11
Булочка для хотдога штучно_batch_1,Смешивание,578,588,10
Бородинский_batch_4,Выпекание,579,634,55
Мини формовой_batch_3,Комбинирование,580,601,21
Плетенка_batch_1,Расстойка,580,605,25
Сэндвич_batch_13,Смешивание,580,590,10
Формовой_batch_5,Расстойка,580,605,25
Сэндвич_batch_6,Остывание,583,628,45
Формовой_batch_24,Выпекание,584,629,45
Формовой_batch_9,Остывание,587,677,90
Булочка для хотдога штучно_batch_1,Формовка,588,599,11
Береке_batch_2,Смешивание,589,599,10
Любимый_batch_9,Комбинирование,589,596,7
Сэндвич_batch_13,Формовка,590,601,11
Зерновой Столичный_batch_1,Комбинирование,596,600,4
Любимый_batch_9,Смешивание,596,606,10
Береке_batch_2,Формовка,599,605,6
Булочка для хотдога штучно_batch_1,Расстойка,599,624,25
Зерновой Столичный_batch_1,Смешивание,600,610,10
Сэндвич_batch_20,Комбинирование,600,621,21
Бородинский_batch_5,Комбинирование,601,614,13
Мини формовой_batch_3,Смешивание,601,613,12
Сэндвич_batch_13,Расстойка,601,626,25
Береке_batch_2,Расстойка,605,625,20
Плетенка_batch_1,Выпекание,605,622,17
Формовой_batch_5,Выпекание,605,650,45
Любимый_batch_9,Формовка,606,610,4
Зерновой Столичный_batch_1,Формовка,610,612,2
Любимый_batch_9,Расстойка,610,635,25
Формовой_batch_17,Остывание,610,700,90
Зерновой Столичный_batch_1,Расстойка,612,637,25
Мини формовой_batch_3,Формовка,613,624,11
Бородинский_batch_5,Смешивание,614,624,10
Формовой_batch_25,Комбинирование,614,621,7
Отрубной (общий)_batch_2,Комбинирование,621,642,21
Сэндвич_batch_20,Смешивание,621,631,10
Сэндвич_batch_38,Комбинирование,621,639,18
Формовой_batch_25,Смешивание,621,633,12
Плетенка_batch_1,Остывание,622,682,60
Бородинский_batch_5,Формовка,624,631,7
Булочка для хотдога штучно_batch_1,Выпекание,624,646,22
Мини формовой_batch_3,Расстойка,624,649,25
Береке_batch_2,Выпекание,625,641,16
Сэндвич_batch_13,Выпекание,626,648,22
Формовой_batch_24,Остывание,629,719,90
Бородинский_batch_5,Расстойка,631,651,20
Сэндвич_batch_20,Формовка,631,642,11
Формовой_batch_25,Формовка,633,637,4
Бородинский_batch_4,Остывание,634,754,120
Любимый_batch_9,Выпекание,635,652,17
Формовой_batch_25,Расстойка,637,662,25
Сэндвич_batch_14,Комбинирование,639,660,21
Сэндвич_batch_38,Смешивание,639,649,10
Береке_batch_2,Остывание,641,701,60
Зерновой Столичный_batch_1,Выпекание,641,658,17
Отрубной (общий)_batch_2,Смешивание,642,652,10
Сэндвич_batch_11,Комбинирование,642,663,21
Сэндвич_batch_20,Расстойка,642,667,25
Булочка для хотдога штучно_batch_1,Остывание,646,691,45
Сэндвич_batch_13,Остывание,648,693,45
Мини формовой_batch_3,Выпекание,649,694,45
Сэндвич_batch_38,Формовка,649,659,10
Формовой_batch_5,Остывание,650,740,90
Бородинский_batch_5,Выпекание,651,706,55
Любимый_batch_9,Остывание,652,712,60
Отрубной (общий)_batch_2,Формовка,652,663,11
Зерновой Столичный_batch_1,Остывание,658,718,60
Сэндвич_batch_38,Расстойка,659,684,25
Сэндвич_batch_14,Смешивание,660,670,10
Формовой_batch_2,Комбинирование,660,681,21
Формовой_batch_25,Выпекание,662,707,45
Отрубной (общий)_batch_2,Расстойка,663,688,25
Сэндвич_batch_11,Смешивание,663,673,10
Сэндвич_batch_18,Комбинирование,663,684,21
Сэндвич_batch_20,Выпекание,667,689,22
Сэндвич_batch_14,Формовка,670,681,11
Сэндвич_batch_11,Формовка,673,684,11
Сэндвич_batch_14,Расстойка,681,706,25
Сэндвич_batch_35,Комбинирование,681,702,21
Формовой_batch_2,Смешивание,681,693,12
Булочка для хотдога штучно_batch_3,Комбинирование,684,705,21
Сэндвич_batch_11,Расстойка,684,709,25
Сэндвич_batch_18,Смешивание,684,694,10
Сэндвич_batch_38,Выпекание,684,706,22
Отрубной (общий)_batch_2,Выпекание,688,705,17
Сэндвич_batch_20,Остывание,689,734,45
Формовой_batch_2,Формовка,693,704,11
Мини формовой_batch_3,Остывание,694,784,90
Сэндвич_batch_18,Формовка,694,705,11
Сэндвич_batch_35,Смешивание,702,712,10
Формовой_batch_10,Комбинирование,702,723,21
Формовой_batch_2,Расстойка,704,729,25
Булочка для хотдога штучно_batch_3,Смешивание,705,715,10
Отрубной (общий)_batch_2,Остывание,705,765,60
Сэндвич_batch_16,Комбинирование,705,726,21
Сэндвич_batch_18,Расстойка,705,730,25
Бородинский_batch_5,Остывание,706,826,120
Сэндвич_batch_14,Выпекание,706,728,22
Сэндвич_batch_38,Остывание,706,751,45
Формовой_batch_25,Остывание,707,797,90
Сэндвич_batch_11,Выпекание,709,731,22
Сэндвич_batch_35,Формовка,712,723,11
Булочка для хотдога штучно_batch_3,Формовка,715,726,11
Сэндвич_batch_35,Расстойка,723,748,25
Формовой_batch_10,Смешивание,723,735,12
Формовой_batch_16,Комбинирование,723,744,21
Булочка для хотдога штучно_batch_3,Расстойка,726,751,25
Сэндвич_batch_15,Комбинирование,726,747,21
Сэндвич_batch_16,Смешивание,726,736,10
Сэндвич_batch_14,Остывание,728,773,45
Формовой_batch_2,Выпекание,729,774,45
Сэндвич_batch_18,Выпекание,730,752,22
Сэндвич_batch_11,Остывание,731,776,45
Формовой_batch_10,Формовка,735,746,11
Сэндвич_batch_16,Формовка,736,747,11
Формовой_batch_16,Смешивание,744,756,12
Формовой_batch_18,Комбинирование,744,765,21
Формовой_batch_10,Расстойка,746,771,25
Сэндвич_batch_15,Смешивание,747,757,10
Сэндвич_batch_16,Расстойка,747,772,25
Формовой_batch_23,Комбинирование,747,768,21
Сэндвич_batch_35,Выпекание,748,770,22
Булочка для хотдога штучно_batch_3,Выпекание,751,773,22
Сэндвич_batch_18,Остывание,752,797,45
Формовой_batch_16,Формовка,756,767,11
Сэндвич_batch_15,Формовка,757,768,11
Формовой_batch_18,Смешивание,765,777,12
Формовой_batch_4,Комбинирование,765,786,21
Формовой_batch_16,Расстойка,767,792,25
Отрубной (общий)_batch_1,Комбинирование,768,789,21
Сэндвич_batch_15,Расстойка,768,793,25
Формовой_batch_23,Смешивание,768,780,12
Сэндвич_batch_35,Остывание,770,815,45
Формовой_batch_10,Выпекание,771,816,45
Сэндвич_batch_16,Выпекание,772,794,22
Булочка для хотдога штучно_batch_3,Остывание,773,818,45
Формовой_batch_2,Остывание,774,864,90
Формовой_batch_18,Формовка,777,788,11
Формовой_batch_23,Формовка,780,791,11
Формовой_batch_4,Смешивание,786,798,12
Формовой_batch_8,Комбинирование,786,807,21
Формовой_batch_18,Расстойка,788,813,25
Отрубной (общий)_batch_1,Смешивание,789,799,10
Формовой_batch_15,Комбинирование,789,810,21
Формовой_batch_23,Расстойка,791,816,25
Формовой_batch_16,Выпекание,792,837,45
Сэндвич_batch_15,Выпекание,793,815,22
Сэндвич_batch_16,Остывание,794,839,45
Формовой_batch_4,Формовка,798,809,11
Отрубной (общий)_batch_1,Формовка,799,810,11
Сэндвич_batch_19,Комбинирование,807,828,21
Формовой_batch_8,Смешивание,807,819,12
Формовой_batch_4,Расстойка,809,834,25
Диета_batch_2,Комбинирование,810,831,21
Отрубной (общий)_batch_1,Расстойка,810,835,25
Формовой_batch_15,Смешивание,810,822,12
Формовой_batch_18,Выпекание,813,858,45
Сэндвич_batch_15,Остывание,815,860,45
Формовой_batch_10,Остывание,816,906,90
Формовой_batch_23,Выпекание,816,861,45
Формовой_batch_8,Формовка,819,830,11
Формовой_batch_15,Формовка,822,833,11
Сэндвич_batch_19,Смешивание,828,838,10
Формовой_batch_21,Комбинирование,828,849,21
Формовой_batch_8,Расстойка,830,855,25
Диета_batch_2,Смешивание,831,841,10
Сэндвич_batch_8,Комбинирование,831,852,21
Формовой_batch_15,Расстойка,833,858,25
Формовой_batch_4,Выпекание,834,879,45
Отрубной (общий)_batch_1,Выпекание,835,852,17
Формовой_batch_16,Остывание,837,927,90
Сэндвич_batch_19,Формовка,838,849,11
Диета_batch_2,Формовка,841,852,11
Сэндвич_batch_19,Расстойка,849,874,25
Сэндвич_batch_33,Комбинирование,849,870,21
Формовой_batch_21,Смешивание,849,861,12
Багет новый_batch_1,Комбинирование,852,873,21
Диета_batch_2,Расстойка,852,890,38
Отрубной (общий)_batch_1,Остывание,852,912,60
Сэндвич_batch_8,Смешивание,852,862,10
Формовой_batch_8,Выпекание,855,900,45
Формовой_batch_15,Выпекание,858,903,45
Формовой_batch_18,Остывание,858,948,90
Формовой_batch_21,Формовка,861,872,11
Формовой_batch_23,Остывание,861,951,90
Сэндвич_batch_8,Формовка,862,873,11
Любимый_batch_4,Комбинирование,870,891,21
Сэндвич_batch_33,Смешивание,870,880,10
Формовой_batch_21,Расстойка,872,897,25
Багет новый_batch_1,Смешивание,873,883,10
Сэндвич_batch_23,Комбинирование,873,894,21
Сэндвич_batch_8,Расстойка,873,898,25
Сэндвич_batch_19,Выпекание,874,896,22
Формовой_batch_4,Остывание,879,969,90
Сэндвич_batch_33,Формовка,880,891,11
Багет новый_batch_1,Формовка,883,894,11
Диета_batch_2,Выпекание,890,925,35
Любимый_batch_4,Смешивание,891,901,10
Любимый_batch_7,Комбинирование,891,912,21
Сэндвич_batch_33,Расстойка,891,916,25
Багет новый_batch_1,Расстойка,894,919,25
Семейный_batch_3,Комбинирование,894,915,21
Сэндвич_batch_23,Смешивание,894,904,10
Сэндвич_batch_19,Остывание,896,941,45
Формовой_batch_21,Выпекание,897,942,45
Сэндвич_batch_8,Выпекание,898,920,22
Формовой_batch_8,Остывание,900,990,90
Любимый_batch_4,Формовка,901,912,11
Формовой_batch_15,Остывание,903,993,90
Сэндвич_batch_23,Формовка,904,915,11
Любимый_batch_4,Расстойка,912,937,25
Любимый_batch_7,Смешивание,912,922,10
Формовой_batch_1,Комбинирование,912,933,21
Семейный_batch_3,Смешивание,915,925,10
Сэндвич_batch_12,Комбинирование,915,936,21
Сэндвич_batch_23,Расстойка,915,940,25
Сэндвич_batch_33,Выпекание,916,938,22
Багет новый_batch_1,Выпекание,919,944,25
Сэндвич_batch_8,Остывание,920,965,45
Любимый_batch_7,Формовка,922,933,11
Диета_batch_2,Остывание,925,1015,90
Семейный_batch_3,Формовка,925,936,11
Любимый_batch_1,Комбинирование,933,954,21
Любимый_batch_7,Расстойка,933,958,25
Формовой_batch_1,Смешивание,933,945,12
Береке_batch_1,Комбинирование,936,957,21
Семейный_batch_3,Расстойка,936,961,25
Сэндвич_batch_12,Смешивание,936,946,10
Любимый_batch_4,Выпекание,937,954,17
Сэндвич_batch_33,Остывание,938,983,45
Сэндвич_batch_23,Выпекание,940,962,22
Формовой_batch_21,Остывание,942,1032,90
Багет новый_batch_1,Остывание,944,1019,75
Формовой_batch_1,Формовка,945,956,11
Сэндвич_batch_12,Формовка,946,957,11
Багет новый_batch_3,Комбинирование,954,965,11
Любимый_batch_1,Смешивание,954,964,10
Любимый_batch_4,Остывание,954,1014,60
Формовой_batch_1,Расстойка,956,981,25
Багет новый_batch_2,Комбинирование,957,978,21
Береке_batch_1,Смешивание,957,967,10
Сэндвич_batch_12,Расстойка,957,982,25
Любимый_batch_7,Выпекание,958,975,17
Семейный_batch_3,Выпекание,961,978,17
Сэндвич_batch_23,Остывание,962,1007,45
Любимый_batch_1,Формовка,964,975,11
Багет новый_batch_3,Смешивание,965,975,10
Славянский_batch_1,Комбинирование,965,966,1
Бородинский_batch_2,Комбинирование,966,987,21
Береке_batch_1,Формовка,967,978,11
Славянский_batch_1,Смешивание,967,977,10
Багет новый_batch_3,Формовка,975,981,6
Любимый_batch_1,Расстойка,975,1000,25
Любимый_batch_7,Остывание,975,1035,60
Багет новый_batch_2,Смешивание,978,988,10
Береке_batch_1,Расстойка,978,998,20
Жайлы_batch_1,Комбинирование,978,999,21
Семейный_batch_3,Остывание,978,1038,60
Багет новый_batch_3,Расстойка,981,1006,25
Славянский_batch_1,Формовка,981,982,1
Формовой_batch_1,Выпекание,981,1026,45
Славянский_batch_1,Расстойка,982,1007,25
Сэндвич_batch_12,Выпекание,982,1004,22
Бородинский_batch_2,Смешивание,987,997,10
Формовой_batch_14,Комбинирование,987,1008,21
Багет новый_batch_2,Формовка,988,999,11
Бородинский_batch_2,Формовка,997,1008,11
Береке_batch_1,Выпекание,998,1014,16
Багет новый_batch_2,Расстойка,999,1024,25
Жайлы_batch_1,Смешивание,999,1009,10
Любимый_batch_2,Комбинирование,999,1020,21
Любимый_batch_1,Выпекание,1000,1017,17
Сэндвич_batch_12,Остывание,1004,1049,45
Багет новый_batch_3,Выпекание,1006,1031,25
Славянский_batch_1,Выпекание,1007,1024,17
Бородинский_batch_2,Расстойка,1008,1028,20
Сэндвич_batch_5,Комбинирование,1008,1029,21
Формовой_batch_14,Смешивание,1008,1020,12
Жайлы_batch_1,Формовка,1009,1020,11
Береке_batch_1,Остывание,1014,1074,60
Любимый_batch_1,Остывание,1017,1077,60
Жайлы_batch_1,Расстойка,1020,1045,25
Любимый_batch_2,Смешивание,1020,1030,10
Сэндвич_batch_28,Комбинирование,1020,1041,21
Формовой_batch_14,Формовка,1020,1031,11
Багет новый_batch_2,Выпекание,1024,1049,25
Славянский_batch_1,Остывание,1024,1084,60
Формовой_batch_1,Остывание,1026,1116,90
Бородинский_batch_2,Выпекание,1028,1083,55
Батон Верный_batch_1,Комбинирование,1029,1042,13
Сэндвич_batch_5,Смешивание,1029,1039,10
Любимый_batch_2,Формовка,1030,1041,11
Багет новый_batch_3,Остывание,1031,1106,75
Формовой_batch_14,Расстойка,1031,1056,25
Сэндвич_batch_5,Формовка,1039,1050,11
Любимый_batch_2,Расстойка,1041,1066,25
Плетенка_batch_2,Комбинирование,1041,1047,6
Сэндвич_batch_28,Смешивание,1041,1051,10
Батон Верный_batch_1,Смешивание,1042,1052,10
Булочка для хотдога штучно_batch_4,Комбинирование,1042,1051,9
Жайлы_batch_1,Выпекание,1045,1062,17
Баварский Деревенский Ржаной_batch_1,Комбинирование,1047,1050,3
Плетенка_batch_2,Смешивание,1047,1057,10
Багет новый_batch_2,Остывание,1049,1124,75
Сэндвич_batch_21,Комбинирование,1050,1071,21
Сэндвич_batch_5,Расстойка,1050,1075,25
Булочка для хотдога штучно_batch_4,Смешивание,1051,1061,10
Сэндвич_batch_25,Комбинирование,1051,1072,21
Сэндвич_batch_28,Формовка,1051,1062,11
Баварский Деревенский Ржаной_batch_1,Смешивание,1052,1062,10
Батон Верный_batch_1,Формовка,1052,1059,7
Формовой_batch_14,Выпекание,1056,1101,45
Батон Верный_batch_1,Расстойка,1059,1084,25
Плетенка_batch_2,Формовка,1059,1062,3
Баварский Деревенский Ржаной_batch_1,Формовка,1062,1064,2
Булочка для хотдога штучно_batch_4,Формовка,1062,1067,5
Жайлы_batch_1,Остывание,1062,1122,60
Плетенка_batch_2,Расстойка,1062,1087,25
Сэндвич_batch_28,Расстойка,1062,1087,25
Баварский Деревенский Ржаной_batch_1,Расстойка,1064,1094,30
Любимый_batch_2,Выпекание,1066,1083,17
Булочка для хотдога штучно_batch_4,Расстойка,1067,1092,25
Батон Нарезной_batch_3,Комбинирование,1071,1092,21
Сэндвич_batch_21,Смешивание,1071,1081,10
Багет луковый_batch_1,Комбинирование,1072,1082,10
Сэндвич_batch_25,Смешивание,1072,1082,10
Сэндвич_batch_5,Выпекание,1075,1097,22
Сэндвич_batch_21,Формовка,1081,1092,11
Багет луковый_batch_1,Смешивание,1082,1092,10
Сэндвич_batch_25,Формовка,1082,1093,11
Хлеб «Тартин бездрожжевой»_batch_1,Комбинирование,1082,1085,3
Бородинский_batch_2,Остывание,1083,1203,120
Любимый_batch_2,Остывание,1083,1143,60
Батон Верный_batch_1,Выпекание,1084,1101,17
Батон Нарезной_batch_2,Комбинирование,1085,1106,21
Хлеб «Тартин бездрожжевой»_batch_1,Смешивание,1085,1095,10
Плетенка_batch_2,Выпекание,1087,1104,17
Сэндвич_batch_28,Выпекание,1087,1109,22
Батон Нарезной_batch_3,Смешивание,1092,1102,10
Булочка для хотдога штучно_batch_4,Выпекание,1092,1114,22
Любимый_batch_8,Комбинирование,1092,1113,21
Сэндвич_batch_21,Расстойка,1092,1117,25
Багет луковый_batch_1,Формовка,1093,1098,5
Сэндвич_batch_25,Расстойка,1093,1118,25
Баварский Деревенский Ржаной_batch_1,Выпекание,1097,1115,18
Сэндвич_batch_5,Остывание,1097,1142,45
Багет луковый_batch_1,Расстойка,1098,1118,20
Хлеб «Тартин бездрожжевой»_batch_1,Формовка,1098,1100,2
Хлеб «Тартин бездрожжевой»_batch_1,Расстойка,1100,1120,20
Батон Верный_batch_1,Остывание,1101,1161,60
Формовой_batch_14,Остывание,1101,1191,90
Батон Нарезной_batch_3,Формовка,1102,1113,11
Плетенка_batch_2,Остывание,1104,1164,60
Батон Нарезной_batch_2,Смешивание,1106,1116,10
Сэндвич_batch_36,Комбинирование,1106,1127,21
Сэндвич_batch_28,Остывание,1109,1154,45
Батон Нарезной_batch_3,Расстойка,1113,1138,25
Любимый_batch_8,Смешивание,1113,1123,10
Сэндвич_batch_34,Комбинирование,1113,1134,21
Булочка для хотдога штучно_batch_4,Остывание,1114,1159,45
Баварский Деревенский Ржаной_batch_1,Остывание,1115,1205,90
Батон Нарезной_batch_2,Формовка,1116,1127,11
Сэндвич_batch_21,Выпекание,1117,1139,22
Багет луковый_batch_1,Выпекание,1118,1136,18
Сэндвич_batch_25,Выпекание,1118,1140,22
Хлеб «Тартин бездрожжевой»_batch_1,Выпекание,1120,1136,16
Любимый_batch_8,Формовка,1123,1134,11
Батон Нарезной_batch_2,Расстойка,1127,1152,25
Сэндвич_batch_36,Смешивание,1127,1137,10
Любимый_batch_8,Расстойка,1134,1159,25
Сэндвич_batch_34,Смешивание,1134,1144,10
Багет луковый_batch_1,Остывание,1136,1181,45
Хлеб «Тартин бездрожжевой»_batch_1,Остывание,1136,1196,60
Сэндвич_batch_36,Формовка,1137,1148,11
Батон Нарезной_batch_3,Выпекание,1138,1155,17
Сэндвич_batch_21,Остывание,1139,1184,45
Сэндвич_batch_25,Остывание,1140,1185,45
Сэндвич_batch_34,Формовка,1144,1155,11
Сэндвич_batch_36,Расстойка,1148,1173,25
Батон Нарезной_batch_2,Выпекание,1152,1169,17
Батон Нарезной_batch_3,Остывание,1155,1215,60
Сэндвич_batch_34,Расстойка,1155,1180,25
Любимый_batch_8,Выпекание,1159,1176,17
Батон Нарезной_batch_2,Остывание,1169,1229,60
Сэндвич_batch_36,Выпекание,1173,1195,22
Любимый_batch_8,Остывание,1176,1236,60
Сэндвич_batch_34,Выпекание,1180,1202,22
Сэндвич_batch_36,Остывание,1195,1240,45
Сэндвич_batch_34,Остывание,1202,1247,45
