Batch_ID,Stage,Start_Time_Min,End_Time_Min,Duration_Min
Жайлы_batch_2,Комбинирование,0,7,7
Сэндвич_batch_23,Комбинирование,0,21,21
Жайлы_batch_2,Смешивание,7,17,10
Славянский_batch_1,Комбинирование,7,8,1
Плетенка_batch_2,Комбинирование,8,14,6
Славянский_batch_1,Смешивание,8,18,10
Любимый_batch_9,Комбинирование,14,21,7
Плетенка_batch_2,Смешивание,14,24,10
Жайлы_batch_2,Формовка,17,21,4
Славянский_batch_1,Формовка,18,19,1
Бородинский_batch_4,Комбинирование,21,42,21
Диета_batch_2,Комбинирование,21,42,21
Жайлы_batch_2,Расстойка,21,46,25
Любимый_batch_9,Смешивание,21,31,10
Сэндвич_batch_23,Смешивание,21,31,10
Славянский_batch_1,Расстойка,22,47,25
Плетенка_batch_2,Формовка,24,27,3
Плетенка_batch_2,Расстойка,27,52,25
Любимый_batch_9,Формовка,31,35,4
Сэндвич_batch_23,Формовка,31,42,11
Любимый_batch_9,Расстойка,35,60,25
Бородинский_batch_2,Комбинирование,42,63,21
Бородинский_batch_4,Смешивание,42,52,10
Диета_batch_2,Смешивание,42,52,10
Диета_batch_3,Комбинирование,42,63,21
Сэндвич_batch_23,Расстойка,42,67,25
Жайлы_batch_2,Выпекание,46,63,17
Бородинский_batch_4,Формовка,52,63,11
Диета_batch_2,Формовка,52,63,11
Плетенка_batch_2,Выпекание,52,69,17
Славянский_batch_1,Выпекание,52,69,17
Любимый_batch_9,Выпекание,60,77,17
Бородинский_batch_2,Смешивание,63,73,10
Бородинский_batch_4,Расстойка,63,83,20
Бородинский_batch_5,Комбинирование,63,76,13
Диета_batch_1,Комбинирование,63,84,21
Диета_batch_2,Расстойка,63,101,38
Диета_batch_3,Смешивание,63,73,10
Жайлы_batch_2,Остывание,63,123,60
Сэндвич_batch_23,Выпекание,67,89,22
Плетенка_batch_2,Остывание,69,129,60
Славянский_batch_1,Остывание,69,129,60
Бородинский_batch_2,Формовка,73,84,11
Диета_batch_3,Формовка,73,84,11
Бородинский_batch_5,Смешивание,76,86,10
Формовой_batch_3,Комбинирование,76,97,21
Любимый_batch_9,Остывание,77,137,60
Бородинский_batch_4,Выпекание,83,138,55
Бородинский_batch_2,Расстойка,84,104,20
Диета_batch_1,Смешивание,84,94,10
Диета_batch_3,Расстойка,84,122,38
Формовой_batch_4,Комбинирование,84,105,21
Бородинский_batch_5,Формовка,86,93,7
Сэндвич_batch_23,Остывание,89,134,45
Бородинский_batch_5,Расстойка,93,113,20
Диета_batch_1,Формовка,94,105,11
Формовой_batch_11,Комбинирование,97,118,21
Формовой_batch_3,Смешивание,97,109,12
Диета_batch_2,Выпекание,101,136,35
Бородинский_batch_2,Выпекание,104,159,55
Диета_batch_1,Расстойка,105,143,38
Формовой_batch_4,Смешивание,105,117,12
Формовой_batch_9,Комбинирование,105,126,21
Формовой_batch_3,Формовка,109,120,11
Бородинский_batch_5,Выпекание,113,168,55
Формовой_batch_4,Формовка,117,128,11
Формовой_batch_11,Смешивание,118,130,12
Формовой_batch_8,Комбинирование,118,139,21
Формовой_batch_3,Расстойка,120,145,25
Диета_batch_3,Выпекание,122,157,35
Формовой_batch_14,Комбинирование,126,147,21
Формовой_batch_9,Смешивание,126,138,12
Формовой_batch_4,Расстойка,128,153,25
Формовой_batch_11,Формовка,130,141,11
Диета_batch_2,Остывание,136,226,90
Бородинский_batch_4,Остывание,138,258,120
Формовой_batch_9,Формовка,138,149,11
Формовой_batch_20,Комбинирование,139,160,21
Формовой_batch_8,Смешивание,139,151,12
Формовой_batch_11,Расстойка,141,166,25
Диета_batch_1,Выпекание,143,178,35
Формовой_batch_3,Выпекание,145,190,45
Формовой_batch_14,Смешивание,147,159,12
Формовой_batch_19,Комбинирование,147,168,21
Формовой_batch_9,Расстойка,149,174,25
Формовой_batch_8,Формовка,151,162,11
Формовой_batch_4,Выпекание,153,198,45
Диета_batch_3,Остывание,157,247,90
Бородинский_batch_2,Остывание,159,279,120
Формовой_batch_14,Формовка,159,170,11
Формовой_batch_18,Комбинирование,160,181,21
Формовой_batch_20,Смешивание,160,172,12
Формовой_batch_8,Расстойка,162,187,25
Формовой_batch_11,Выпекание,166,211,45
Бородинский_batch_5,Остывание,168,288,120
Мини формовой_batch_2,Комбинирование,168,189,21
Формовой_batch_19,Смешивание,168,180,12
Формовой_batch_14,Расстойка,170,195,25
Формовой_batch_20,Формовка,172,183,11
Формовой_batch_9,Выпекание,174,219,45
Диета_batch_1,Остывание,178,268,90
Формовой_batch_19,Формовка,180,191,11
Формовой_batch_12,Комбинирование,181,202,21
Формовой_batch_18,Смешивание,181,193,12
Формовой_batch_20,Расстойка,183,208,25
Формовой_batch_8,Выпекание,187,232,45
Мини формовой_batch_2,Смешивание,189,201,12
Мини формовой_batch_3,Комбинирование,189,210,21
Формовой_batch_3,Остывание,190,280,90
Формовой_batch_19,Расстойка,191,216,25
Формовой_batch_18,Формовка,193,204,11
Формовой_batch_14,Выпекание,195,240,45
Формовой_batch_4,Остывание,198,288,90
Мини формовой_batch_2,Формовка,201,212,11
Формовой_batch_12,Смешивание,202,214,12
Формовой_batch_7,Комбинирование,202,223,21
Формовой_batch_18,Расстойка,204,229,25
Формовой_batch_20,Выпекание,208,253,45
Мини формовой_batch_3,Смешивание,210,222,12
Формовой_batch_10,Комбинирование,210,231,21
Формовой_batch_11,Остывание,211,301,90
Мини формовой_batch_2,Расстойка,212,237,25
Формовой_batch_12,Формовка,214,225,11
Формовой_batch_19,Выпекание,216,261,45
Формовой_batch_9,Остывание,219,309,90
Мини формовой_batch_3,Формовка,222,233,11
Формовой_batch_23,Комбинирование,223,244,21
Формовой_batch_7,Смешивание,223,235,12
Формовой_batch_12,Расстойка,225,250,25
Формовой_batch_18,Выпекание,229,274,45
Формовой_batch_10,Смешивание,231,243,12
Формовой_batch_22,Комбинирование,231,252,21
Формовой_batch_8,Остывание,232,322,90
Мини формовой_batch_3,Расстойка,233,258,25
Формовой_batch_7,Формовка,235,246,11
Мини формовой_batch_2,Выпекание,237,282,45
Формовой_batch_14,Остывание,240,330,90
Формовой_batch_10,Формовка,243,254,11
Формовой_batch_21,Комбинирование,244,265,21
Формовой_batch_23,Смешивание,244,256,12
Формовой_batch_7,Расстойка,246,271,25
Формовой_batch_12,Выпекание,250,295,45
Формовой_batch_22,Смешивание,252,264,12
Формовой_batch_5,Комбинирование,252,273,21
Формовой_batch_20,Остывание,253,343,90
Формовой_batch_10,Расстойка,254,279,25
Формовой_batch_23,Формовка,256,267,11
Мини формовой_batch_3,Выпекание,258,303,45
Формовой_batch_19,Остывание,261,351,90
Формовой_batch_22,Формовка,264,275,11
Формовой_batch_21,Смешивание,265,277,12
Формовой_batch_24,Комбинирование,265,286,21
Формовой_batch_23,Расстойка,267,292,25
Формовой_batch_7,Выпекание,271,316,45
Формовой_batch_5,Смешивание,273,285,12
Формовой_batch_6,Комбинирование,273,294,21
Формовой_batch_18,Остывание,274,364,90
Формовой_batch_22,Расстойка,275,300,25
Формовой_batch_21,Формовка,277,288,11
Формовой_batch_10,Выпекание,279,324,45
Мини формовой_batch_2,Остывание,282,372,90
Формовой_batch_5,Формовка,285,296,11
Формовой_batch_16,Комбинирование,286,307,21
Формовой_batch_24,Смешивание,286,298,12
Формовой_batch_21,Расстойка,288,313,25
Формовой_batch_23,Выпекание,292,337,45
Формовой_batch_1,Комбинирование,294,315,21
Формовой_batch_6,Смешивание,294,306,12
Формовой_batch_12,Остывание,295,385,90
Формовой_batch_5,Расстойка,296,321,25
Формовой_batch_24,Формовка,298,309,11
Формовой_batch_22,Выпекание,300,345,45
Мини формовой_batch_3,Остывание,303,393,90
Формовой_batch_6,Формовка,306,317,11
Мини формовой_batch_1,Комбинирование,307,328,21
Формовой_batch_16,Смешивание,307,319,12
Формовой_batch_24,Расстойка,309,334,25
Формовой_batch_21,Выпекание,313,358,45
Формовой_batch_1,Смешивание,315,327,12
Формовой_batch_15,Комбинирование,315,336,21
Формовой_batch_7,Остывание,316,406,90
Формовой_batch_6,Расстойка,317,342,25
Формовой_batch_16,Формовка,319,330,11
Формовой_batch_5,Выпекание,321,366,45
Формовой_batch_10,Остывание,324,414,90
Формовой_batch_1,Формовка,327,338,11
Мини формовой_batch_1,Смешивание,328,340,12
Формовой_batch_2,Комбинирование,328,349,21
Формовой_batch_16,Расстойка,330,355,25
Формовой_batch_24,Выпекание,334,379,45
Формовой_batch_15,Смешивание,336,348,12
Формовой_batch_17,Комбинирование,336,357,21
Формовой_batch_23,Остывание,337,427,90
Формовой_batch_1,Расстойка,338,363,25
Мини формовой_batch_1,Формовка,340,351,11
Формовой_batch_6,Выпекание,342,387,45
Формовой_batch_22,Остывание,345,435,90
Формовой_batch_15,Формовка,348,359,11
Мини формовой_batch_4,Комбинирование,349,360,11
Формовой_batch_2,Смешивание,349,361,12
Мини формовой_batch_1,Расстойка,351,376,25
Формовой_batch_16,Выпекание,355,400,45
Формовой_batch_13,Комбинирование,357,378,21
Формовой_batch_17,Смешивание,357,369,12
Формовой_batch_21,Остывание,358,448,90
Формовой_batch_15,Расстойка,359,384,25
Мини формовой_batch_4,Смешивание,360,372,12
Формовой_batch_25,Комбинирование,360,367,7
Формовой_batch_2,Формовка,361,372,11
Формовой_batch_1,Выпекание,363,408,45
Формовой_batch_5,Остывание,366,456,90
Диета_batch_4,Комбинирование,367,369,2
Формовой_batch_25,Смешивание,367,379,12
Багет новый_batch_2,Комбинирование,369,390,21
Диета_batch_4,Смешивание,369,379,10
Формовой_batch_17,Формовка,369,380,11
Мини формовой_batch_4,Формовка,372,378,6
Формовой_batch_2,Расстойка,372,397,25
Мини формовой_batch_1,Выпекание,376,421,45
Мини формовой_batch_4,Расстойка,378,403,25
Сэндвич_batch_25,Комбинирование,378,399,21
Формовой_batch_13,Смешивание,378,390,12
Формовой_batch_24,Остывание,379,469,90
Формовой_batch_25,Формовка,379,383,4
Диета_batch_4,Формовка,380,381,1
Формовой_batch_17,Расстойка,380,405,25
Диета_batch_4,Расстойка,381,419,38
Формовой_batch_25,Расстойка,383,408,25
Формовой_batch_15,Выпекание,384,429,45
Формовой_batch_6,Остывание,387,477,90
Баварский Деревенский Ржаной_batch_1,Комбинирование,390,393,3
Формовой_batch_13,Формовка,390,401,11
Багет новый_batch_2,Смешивание,391,401,10
Баварский Деревенский Ржаной_batch_1,Смешивание,393,403,10
Хлеб «Зерновой»_batch_2,Комбинирование,393,402,9
Формовой_batch_2,Выпекание,397,442,45
Любимый_batch_6,Комбинирование,399,420,21
Сэндвич_batch_25,Смешивание,400,410,10
Формовой_batch_16,Остывание,400,490,90
Формовой_batch_13,Расстойка,401,426,25
Багет новый_batch_1,Комбинирование,402,423,21
Багет новый_batch_2,Формовка,402,413,11
Хлеб «Зерновой»_batch_2,Смешивание,402,412,10
Баварский Деревенский Ржаной_batch_1,Формовка,403,405,2
Мини формовой_batch_4,Выпекание,403,448,45
Формовой_batch_17,Выпекание,405,450,45
Баварский Деревенский Ржаной_batch_1,Расстойка,407,437,30
Формовой_batch_1,Остывание,408,498,90
Формовой_batch_25,Выпекание,408,453,45
Сэндвич_batch_25,Формовка,410,421,11
Хлеб «Зерновой»_batch_2,Формовка,413,418,5
Багет новый_batch_2,Расстойка,418,443,25
Багет новый_batch_3,Комбинирование,420,431,11
Любимый_batch_6,Смешивание,420,430,10
Диета_batch_4,Выпекание,421,456,35
Мини формовой_batch_1,Остывание,421,511,90
Сэндвич_batch_25,Расстойка,421,446,25
Багет новый_batch_1,Смешивание,423,433,10
Батон Нарезной_batch_1,Комбинирование,423,444,21
Хлеб «Зерновой»_batch_2,Расстойка,423,448,25
Формовой_batch_13,Выпекание,429,474,45
Формовой_batch_15,Остывание,429,519,90
Любимый_batch_6,Формовка,430,441,11
Багет новый_batch_3,Смешивание,431,441,10
Батон Нарезной_batch_3,Комбинирование,431,452,21
Багет новый_batch_1,Формовка,433,444,11
Багет новый_batch_3,Формовка,441,447,6
Баварский Деревенский Ржаной_batch_1,Выпекание,442,460,18
Любимый_batch_6,Расстойка,442,467,25
Формовой_batch_2,Остывание,442,532,90
Багет новый_batch_1,Расстойка,444,469,25
Батон Нарезной_batch_1,Смешивание,444,454,10
Чиабатта_batch_1,Комбинирование,444,450,6
Багет новый_batch_3,Расстойка,447,472,25
Багет новый_batch_2,Выпекание,448,473,25
Мини формовой_batch_4,Остывание,448,538,90
Отрубной (общий)_batch_2,Комбинирование,450,471,21
Сэндвич_batch_25,Выпекание,450,472,22
Формовой_batch_17,Остывание,450,540,90
Чиабатта_batch_1,Смешивание,450,460,10
Плетенка_batch_1,Комбинирование,452,473,21
Батон Нарезной_batch_3,Смешивание,453,463,10
Формовой_batch_25,Остывание,453,543,90
Хлеб «Зерновой»_batch_2,Выпекание,453,478,25
Батон Нарезной_batch_1,Формовка,454,465,11
Диета_batch_4,Остывание,456,546,90
Баварский Деревенский Ржаной_batch_1,Остывание,460,550,90
Чиабатта_batch_1,Формовка,460,464,4
Батон Нарезной_batch_3,Формовка,464,475,11
Чиабатта_batch_1,Расстойка,464,489,25
Батон Нарезной_batch_1,Расстойка,465,490,25
Любимый_batch_6,Выпекание,467,484,17
Багет новый_batch_1,Выпекание,469,494,25
Любимый_batch_3,Комбинирование,471,492,21
Отрубной (общий)_batch_2,Смешивание,471,481,10
Сэндвич_batch_25,Остывание,472,517,45
Багет новый_batch_2,Остывание,473,548,75
Багет новый_batch_3,Выпекание,473,498,25
Любимый_batch_4,Комбинирование,473,494,21
Плетенка_batch_1,Смешивание,473,483,10
Формовой_batch_13,Остывание,474,564,90
Батон Нарезной_batch_3,Расстойка,475,500,25
Хлеб «Зерновой»_batch_2,Остывание,478,553,75
Отрубной (общий)_batch_2,Формовка,481,492,11
Плетенка_batch_1,Формовка,483,494,11
Любимый_batch_6,Остывание,484,544,60
Чиабатта_batch_1,Выпекание,489,514,25
Батон Нарезной_batch_1,Выпекание,490,507,17
Жайлы_batch_1,Комбинирование,492,513,21
Любимый_batch_3,Смешивание,492,502,10
Отрубной (общий)_batch_2,Расстойка,492,517,25
Багет новый_batch_1,Остывание,494,569,75
Любимый_batch_4,Смешивание,494,504,10
Плетенка_batch_1,Расстойка,494,519,25
Семейный_batch_2,Комбинирование,494,515,21
Багет новый_batch_3,Остывание,498,573,75
Батон Нарезной_batch_3,Выпекание,500,517,17
Любимый_batch_3,Формовка,502,513,11
Любимый_batch_4,Формовка,504,515,11
Батон Нарезной_batch_1,Остывание,507,567,60
Батон Нарезной_batch_2,Комбинирование,513,534,21
Жайлы_batch_1,Смешивание,513,523,10
Любимый_batch_3,Расстойка,513,538,25
Чиабатта_batch_1,Остывание,514,589,75
Любимый_batch_4,Расстойка,515,540,25
Любимый_batch_8,Комбинирование,515,536,21
Семейный_batch_2,Смешивание,515,525,10
Батон Нарезной_batch_3,Остывание,517,577,60
Отрубной (общий)_batch_2,Выпекание,517,534,17
Плетенка_batch_1,Выпекание,519,536,17
Жайлы_batch_1,Формовка,523,534,11
Семейный_batch_2,Формовка,525,536,11
Батон Нарезной_batch_2,Смешивание,534,544,10
Жайлы_batch_1,Расстойка,534,559,25
Любимый_batch_7,Комбинирование,534,555,21
Отрубной (общий)_batch_2,Остывание,534,594,60
Любимый_batch_8,Смешивание,536,546,10
Плетенка_batch_1,Остывание,536,596,60
Семейный_batch_2,Расстойка,536,561,25
Сэндвич_batch_24,Комбинирование,536,557,21
Любимый_batch_3,Выпекание,538,555,17
Любимый_batch_4,Выпекание,540,557,17
Батон Нарезной_batch_2,Формовка,544,555,11
Любимый_batch_8,Формовка,546,557,11
Батон Нарезной_batch_2,Расстойка,555,580,25
Любимый_batch_3,Остывание,555,615,60
Любимый_batch_7,Смешивание,555,565,10
Семейный_batch_3,Комбинирование,555,576,21
Любимый_batch_1,Комбинирование,557,578,21
Любимый_batch_4,Остывание,557,617,60
Любимый_batch_8,Расстойка,557,582,25
Сэндвич_batch_24,Смешивание,557,567,10
Жайлы_batch_1,Выпекание,559,576,17
Семейный_batch_2,Выпекание,561,578,17
Любимый_batch_7,Формовка,565,576,11
Сэндвич_batch_24,Формовка,567,578,11
Жайлы_batch_1,Остывание,576,636,60
Любимый_batch_7,Расстойка,576,601,25
Семейный_batch_1,Комбинирование,576,597,21
Семейный_batch_3,Смешивание,576,586,10
Любимый_batch_1,Смешивание,578,588,10
Отрубной (общий)_batch_1,Комбинирование,578,599,21
Семейный_batch_2,Остывание,578,638,60
Сэндвич_batch_24,Расстойка,578,603,25
Батон Нарезной_batch_2,Выпекание,580,597,17
Любимый_batch_8,Выпекание,582,599,17
Семейный_batch_3,Формовка,586,597,11
Любимый_batch_1,Формовка,588,599,11
Батон Нарезной_batch_2,Остывание,597,657,60
Премиум_batch_1,Комбинирование,597,599,2
Семейный_batch_1,Смешивание,597,607,10
Семейный_batch_3,Расстойка,597,622,25
Береке_batch_1,Комбинирование,599,620,21
Любимый_batch_1,Расстойка,599,624,25
Любимый_batch_2,Комбинирование,599,620,21
Любимый_batch_8,Остывание,599,659,60
Отрубной (общий)_batch_1,Смешивание,599,609,10
Премиум_batch_1,Смешивание,599,609,10
Любимый_batch_7,Выпекание,601,618,17
Сэндвич_batch_24,Выпекание,603,625,22
Семейный_batch_1,Формовка,607,618,11
Премиум_batch_1,Формовка,609,610,1
Отрубной (общий)_batch_1,Формовка,610,621,11
Премиум_batch_1,Расстойка,610,635,25
Любимый_batch_7,Остывание,618,678,60
Семейный_batch_1,Расстойка,618,643,25
Береке_batch_1,Смешивание,620,630,10
Любимый_batch_2,Смешивание,620,630,10
Сэндвич_batch_18,Комбинирование,620,641,21
Сэндвич_batch_36,Комбинирование,620,641,21
Отрубной (общий)_batch_1,Расстойка,621,646,25
Семейный_batch_3,Выпекание,622,639,17
Любимый_batch_1,Выпекание,624,641,17
Сэндвич_batch_24,Остывание,625,670,45
Береке_batch_1,Формовка,630,641,11
Любимый_batch_2,Формовка,630,641,11
Премиум_batch_1,Выпекание,635,660,25
Семейный_batch_3,Остывание,639,699,60
Береке_batch_1,Расстойка,641,661,20
Любимый_batch_1,Остывание,641,701,60
Любимый_batch_2,Расстойка,641,666,25
Сэндвич_batch_18,Смешивание,641,651,10
Сэндвич_batch_2,Комбинирование,641,662,21
Сэндвич_batch_31,Комбинирование,641,662,21
Сэндвич_batch_36,Смешивание,641,651,10
Семейный_batch_1,Выпекание,643,660,17
Отрубной (общий)_batch_1,Выпекание,646,663,17
Сэндвич_batch_18,Формовка,651,662,11
Сэндвич_batch_36,Формовка,651,662,11
Премиум_batch_1,Остывание,660,735,75
Семейный_batch_1,Остывание,660,720,60
Береке_batch_1,Выпекание,661,677,16
Бородинский_batch_1,Комбинирование,662,683,21
Булочка для хотдога штучно_batch_2,Комбинирование,662,683,21
Сэндвич_batch_18,Расстойка,662,687,25
Сэндвич_batch_2,Смешивание,662,672,10
Сэндвич_batch_31,Смешивание,662,672,10
Сэндвич_batch_36,Расстойка,662,687,25
Отрубной (общий)_batch_1,Остывание,663,723,60
Любимый_batch_2,Выпекание,666,683,17
Сэндвич_batch_2,Формовка,672,683,11
Сэндвич_batch_31,Формовка,672,683,11
Береке_batch_1,Остывание,677,737,60
Любимый_batch_2,Остывание,683,743,60
Сэндвич_batch_2,Расстойка,683,708,25
Сэндвич_batch_22,Комбинирование,683,704,21
Сэндвич_batch_27,Комбинирование,683,704,21
Сэндвич_batch_31,Расстойка,683,708,25
Бородинский_batch_1,Смешивание,684,694,10
Булочка для хотдога штучно_batch_2,Смешивание,684,694,10
Сэндвич_batch_18,Выпекание,687,709,22
Сэндвич_batch_36,Выпекание,687,709,22
Бородинский_batch_1,Формовка,694,705,11
Булочка для хотдога штучно_batch_2,Формовка,694,705,11
Бородинский_batch_3,Комбинирование,704,725,21
Сэндвич_batch_27,Смешивание,704,714,10
Хлеб «Зерновой»_batch_1,Комбинирование,704,725,21
Бородинский_batch_1,Расстойка,705,725,20
Булочка для хотдога штучно_batch_2,Расстойка,705,730,25
Сэндвич_batch_22,Смешивание,705,715,10
Сэндвич_batch_2,Выпекание,708,730,22
Сэндвич_batch_31,Выпекание,708,730,22
Сэндвич_batch_18,Остывание,709,754,45
Сэндвич_batch_36,Остывание,709,754,45
Сэндвич_batch_27,Формовка,714,725,11
Сэндвич_batch_22,Формовка,715,726,11
Бородинский_batch_1,Выпекание,725,780,55
Бородинский_batch_3,Смешивание,725,735,10
Сэндвич_batch_20,Комбинирование,725,746,21
Сэндвич_batch_27,Расстойка,725,750,25
Сэндвич_batch_35,Комбинирование,725,746,21
Хлеб «Зерновой»_batch_1,Смешивание,725,735,10
Сэндвич_batch_22,Расстойка,726,751,25
Булочка для хотдога штучно_batch_2,Выпекание,730,752,22
Сэндвич_batch_2,Остывание,730,775,45
Сэндвич_batch_31,Остывание,730,775,45
Бородинский_batch_3,Формовка,735,746,11
Хлеб «Зерновой»_batch_1,Формовка,735,746,11
Бородинский_batch_3,Расстойка,746,766,20
Булочка для хотдога штучно_batch_3,Комбинирование,746,767,21
Сэндвич_batch_20,Смешивание,746,756,10
Сэндвич_batch_32,Комбинирование,746,767,21
Сэндвич_batch_35,Смешивание,746,756,10
Хлеб «Зерновой»_batch_1,Расстойка,746,771,25
Сэндвич_batch_27,Выпекание,750,772,22
Сэндвич_batch_22,Выпекание,751,773,22
Булочка для хотдога штучно_batch_2,Остывание,752,797,45
Сэндвич_batch_20,Формовка,756,767,11
Сэндвич_batch_35,Формовка,756,767,11
Бородинский_batch_3,Выпекание,766,821,55
Булочка для хотдога штучно_batch_3,Смешивание,767,777,10
Сэндвич_batch_10,Комбинирование,767,788,21
Сэндвич_batch_20,Расстойка,767,792,25
Сэндвич_batch_30,Комбинирование,767,788,21
Сэндвич_batch_32,Смешивание,767,777,10
Сэндвич_batch_35,Расстойка,767,792,25
Хлеб «Зерновой»_batch_1,Выпекание,771,796,25
Сэндвич_batch_27,Остывание,772,817,45
Сэндвич_batch_22,Остывание,773,818,45
Булочка для хотдога штучно_batch_3,Формовка,777,788,11
Сэндвич_batch_32,Формовка,777,788,11
Бородинский_batch_1,Остывание,780,900,120
Булочка для хотдога штучно_batch_3,Расстойка,788,813,25
Сэндвич_batch_10,Смешивание,788,798,10
Сэндвич_batch_30,Смешивание,788,798,10
Сэндвич_batch_32,Расстойка,788,813,25
Сэндвич_batch_33,Комбинирование,788,809,21
Сэндвич_batch_9,Комбинирование,788,809,21
Сэндвич_batch_20,Выпекание,792,814,22
Сэндвич_batch_35,Выпекание,792,814,22
Хлеб «Зерновой»_batch_1,Остывание,796,871,75
Сэндвич_batch_10,Формовка,798,809,11
Сэндвич_batch_30,Формовка,798,809,11
Сэндвич_batch_10,Расстойка,809,834,25
Сэндвич_batch_14,Комбинирование,809,830,21
Сэндвич_batch_17,Комбинирование,809,830,21
Сэндвич_batch_30,Расстойка,809,834,25
Сэндвич_batch_33,Смешивание,809,819,10
Сэндвич_batch_9,Смешивание,809,819,10
Булочка для хотдога штучно_batch_3,Выпекание,813,835,22
Сэндвич_batch_32,Выпекание,813,835,22
Сэндвич_batch_20,Остывание,814,859,45
Сэндвич_batch_35,Остывание,814,859,45
Сэндвич_batch_33,Формовка,819,830,11
Сэндвич_batch_9,Формовка,819,830,11
Бородинский_batch_3,Остывание,821,941,120
Сэндвич_batch_14,Смешивание,830,840,10
Сэндвич_batch_17,Смешивание,830,840,10
Сэндвич_batch_33,Расстойка,830,855,25
Сэндвич_batch_7,Комбинирование,830,851,21
Сэндвич_batch_8,Комбинирование,830,851,21
Сэндвич_batch_9,Расстойка,830,855,25
Сэндвич_batch_10,Выпекание,834,856,22
Сэндвич_batch_30,Выпекание,834,856,22
Булочка для хотдога штучно_batch_3,Остывание,835,880,45
Сэндвич_batch_32,Остывание,835,880,45
Сэндвич_batch_14,Формовка,840,851,11
Сэндвич_batch_17,Формовка,840,851,11
Сэндвич_batch_14,Расстойка,851,876,25
Сэндвич_batch_17,Расстойка,851,876,25
Сэндвич_batch_26,Комбинирование,851,872,21
Сэндвич_batch_34,Комбинирование,851,872,21
Сэндвич_batch_7,Смешивание,851,861,10
Сэндвич_batch_8,Смешивание,851,861,10
Сэндвич_batch_33,Выпекание,855,877,22
Сэндвич_batch_9,Выпекание,855,877,22
Сэндвич_batch_10,Остывание,856,901,45
Сэндвич_batch_30,Остывание,856,901,45
Сэндвич_batch_7,Формовка,861,872,11
Сэндвич_batch_8,Формовка,861,872,11
Сэндвич_batch_16,Комбинирование,872,893,21
Сэндвич_batch_26,Смешивание,872,882,10
Сэндвич_batch_34,Смешивание,872,882,10
Сэндвич_batch_37,Комбинирование,872,893,21
Сэндвич_batch_7,Расстойка,872,897,25
Сэндвич_batch_8,Расстойка,872,897,25
Сэндвич_batch_14,Выпекание,876,898,22
Сэндвич_batch_17,Выпекание,876,898,22
Сэндвич_batch_33,Остывание,877,922,45
Сэндвич_batch_9,Остывание,877,922,45
Сэндвич_batch_26,Формовка,882,893,11
Сэндвич_batch_34,Формовка,882,893,11
Сэндвич_batch_11,Комбинирование,893,914,21
Сэндвич_batch_16,Смешивание,893,903,10
Сэндвич_batch_26,Расстойка,893,918,25
Сэндвич_batch_34,Расстойка,893,918,25
Сэндвич_batch_37,Смешивание,893,903,10
Сэндвич_batch_4,Комбинирование,893,914,21
Сэндвич_batch_7,Выпекание,897,919,22
Сэндвич_batch_8,Выпекание,897,919,22
Сэндвич_batch_14,Остывание,898,943,45
Сэндвич_batch_17,Остывание,898,943,45
Сэндвич_batch_16,Формовка,903,914,11
Сэндвич_batch_37,Формовка,903,914,11
Сэндвич_batch_11,Смешивание,914,924,10
Сэндвич_batch_13,Комбинирование,914,935,21
Сэндвич_batch_16,Расстойка,914,939,25
Сэндвич_batch_21,Комбинирование,914,935,21
Сэндвич_batch_37,Расстойка,914,939,25
Сэндвич_batch_4,Смешивание,914,924,10
Сэндвич_batch_26,Выпекание,918,940,22
Сэндвич_batch_34,Выпекание,918,940,22
Сэндвич_batch_7,Остывание,919,964,45
Сэндвич_batch_8,Остывание,919,964,45
Сэндвич_batch_11,Формовка,924,935,11
Сэндвич_batch_4,Формовка,924,935,11
Сэндвич_batch_11,Расстойка,935,960,25
Сэндвич_batch_13,Смешивание,935,945,10
Сэндвич_batch_15,Комбинирование,935,956,21
Сэндвич_batch_21,Смешивание,935,945,10
Сэндвич_batch_4,Расстойка,935,960,25
Сэндвич_batch_5,Комбинирование,935,956,21
Сэндвич_batch_16,Выпекание,939,961,22
Сэндвич_batch_37,Выпекание,939,961,22
Сэндвич_batch_26,Остывание,940,985,45
Сэндвич_batch_34,Остывание,940,985,45
Сэндвич_batch_13,Формовка,945,956,11
Сэндвич_batch_21,Формовка,945,956,11
Булочка для гамбургера большой с кунжутом_batch_1,Комбинирование,956,977,21
Сэндвич_batch_13,Расстойка,956,981,25
Сэндвич_batch_15,Смешивание,956,966,10
Сэндвич_batch_21,Расстойка,956,981,25
Сэндвич_batch_28,Комбинирование,956,977,21
Сэндвич_batch_5,Смешивание,956,966,10
Сэндвич_batch_11,Выпекание,960,982,22
Сэндвич_batch_4,Выпекание,960,982,22
Сэндвич_batch_16,Остывание,961,1006,45
Сэндвич_batch_37,Остывание,961,1006,45
Сэндвич_batch_15,Формовка,966,977,11
Сэндвич_batch_5,Формовка,966,977,11
Булочка для гамбургера большой с кунжутом_batch_1,Смешивание,977,987,10
Булочка для хотдога штучно_batch_1,Комбинирование,977,998,21
Отрубной (общий)_batch_3,Комбинирование,977,987,10
Сэндвич_batch_15,Расстойка,977,1002,25
Сэндвич_batch_28,Смешивание,977,987,10
Сэндвич_batch_5,Расстойка,977,1002,25
Сэндвич_batch_13,Выпекание,981,1003,22
Сэндвич_batch_21,Выпекание,981,1003,22
Сэндвич_batch_11,Остывание,982,1027,45
Сэндвич_batch_4,Остывание,982,1027,45
Булочка для гамбургера большой с кунжутом_batch_1,Формовка,987,998,11
Сэндвич_batch_28,Формовка,987,998,11
Хлеб «Тартин бездрожжевой»_batch_1,Комбинирование,987,990,3
Отрубной (общий)_batch_3,Смешивание,988,998,10
Сэндвич_batch_19,Комбинирование,990,1011,21
Хлеб «Тартин бездрожжевой»_batch_1,Смешивание,991,1001,10
Булочка для гамбургера большой с кунжутом_batch_1,Расстойка,998,1023,25
Булочка для хотдога штучно_batch_1,Смешивание,998,1008,10
Отрубной (общий)_batch_3,Формовка,998,1003,5
Сэндвич_batch_28,Расстойка,998,1023,25
Сэндвич_batch_3,Комбинирование,998,1019,21
Хлеб «Тартин бездрожжевой»_batch_1,Формовка,1001,1003,2
Сэндвич_batch_15,Выпекание,1002,1024,22
Сэндвич_batch_5,Выпекание,1002,1024,22
Сэндвич_batch_13,Остывание,1003,1048,45
Сэндвич_batch_21,Остывание,1003,1048,45
Хлеб «Тартин бездрожжевой»_batch_1,Расстойка,1003,1023,20
Отрубной (общий)_batch_3,Расстойка,1004,1029,25
Булочка для хотдога штучно_batch_1,Формовка,1008,1019,11
Сэндвич_batch_12,Комбинирование,1011,1032,21
Сэндвич_batch_19,Смешивание,1011,1021,10
Булочка для хотдога штучно_batch_1,Расстойка,1019,1044,25
Сэндвич_batch_3,Смешивание,1019,1029,10
Сэндвич_batch_6,Комбинирование,1019,1040,21
Сэндвич_batch_19,Формовка,1021,1032,11
Булочка для гамбургера большой с кунжутом_batch_1,Выпекание,1023,1045,22
Сэндвич_batch_28,Выпекание,1023,1045,22
Хлеб «Тартин бездрожжевой»_batch_1,Выпекание,1023,1039,16
Сэндвич_batch_15,Остывание,1024,1069,45
Сэндвич_batch_5,Остывание,1024,1069,45
Отрубной (общий)_batch_3,Выпекание,1029,1046,17
Сэндвич_batch_3,Формовка,1029,1040,11
Сэндвич_batch_12,Смешивание,1032,1042,10
Сэндвич_batch_19,Расстойка,1032,1057,25
Сэндвич_batch_29,Комбинирование,1032,1053,21
Хлеб «Тартин бездрожжевой»_batch_1,Остывание,1039,1099,60
Сэндвич_batch_1,Комбинирование,1040,1061,21
Сэндвич_batch_3,Расстойка,1040,1065,25
Сэндвич_batch_6,Смешивание,1040,1050,10
Сэндвич_batch_12,Формовка,1042,1053,11
Булочка для хотдога штучно_batch_1,Выпекание,1044,1066,22
Булочка для гамбургера большой с кунжутом_batch_1,Остывание,1045,1090,45
Сэндвич_batch_28,Остывание,1045,1090,45
Отрубной (общий)_batch_3,Остывание,1046,1106,60
Сэндвич_batch_6,Формовка,1050,1061,11
Любимый_batch_5,Комбинирование,1053,1074,21
Сэндвич_batch_12,Расстойка,1053,1078,25
Сэндвич_batch_29,Смешивание,1053,1063,10
Сэндвич_batch_19,Выпекание,1057,1079,22
Батон Верный_batch_1,Комбинирование,1061,1074,13
Сэндвич_batch_1,Смешивание,1061,1071,10
Сэндвич_batch_6,Расстойка,1061,1086,25
Сэндвич_batch_29,Формовка,1063,1074,11
Сэндвич_batch_3,Выпекание,1065,1087,22
Булочка для хотдога штучно_batch_1,Остывание,1066,1111,45
Сэндвич_batch_1,Формовка,1071,1082,11
Батон Верный_batch_1,Смешивание,1074,1084,10
Датский_batch_1,Комбинирование,1074,1081,7
Любимый_batch_5,Смешивание,1074,1084,10
Сэндвич_batch_29,Расстойка,1074,1099,25
Сэндвич_batch_38,Комбинирование,1074,1092,18
Сэндвич_batch_12,Выпекание,1078,1100,22
Сэндвич_batch_19,Остывание,1079,1124,45
Датский_batch_1,Смешивание,1081,1091,10
Домашний_batch_1,Комбинирование,1081,1084,3
Сэндвич_batch_1,Расстойка,1083,1108,25
Батон Верный_batch_1,Формовка,1084,1091,7
Домашний_batch_1,Смешивание,1084,1094,10
Любимый_batch_5,Формовка,1084,1095,11
Семейный_batch_4,Комбинирование,1084,1086,2
Батон Нарезной_batch_4,Комбинирование,1086,1100,14
Семейный_batch_4,Смешивание,1086,1096,10
Сэндвич_batch_6,Выпекание,1086,1108,22
Сэндвич_batch_3,Остывание,1087,1132,45
Батон Верный_batch_1,Расстойка,1091,1116,25
Датский_batch_1,Формовка,1091,1095,4
Булочка для гамбургера большой с кунжутом_batch_2,Комбинирование,1092,1109,17
Сэндвич_batch_38,Смешивание,1092,1102,10
Датский_batch_1,Расстойка,1095,1120,25
Домашний_batch_1,Формовка,1095,1097,2
Любимый_batch_5,Расстойка,1095,1120,25
Семейный_batch_4,Формовка,1096,1097,1
Домашний_batch_1,Расстойка,1097,1122,25
Семейный_batch_4,Расстойка,1097,1122,25
Сэндвич_batch_29,Выпекание,1099,1121,22
Батон Нарезной_batch_4,Смешивание,1100,1110,10
Здоровье_batch_1,Комбинирование,1100,1104,4
Сэндвич_batch_12,Остывание,1100,1145,45
Сэндвич_batch_38,Формовка,1102,1112,10
Береке_batch_2,Комбинирование,1104,1115,11
Здоровье_batch_1,Смешивание,1104,1114,10
Сэндвич_batch_1,Выпекание,1108,1130,22
Сэндвич_batch_6,Остывание,1108,1153,45
Булочка для гамбургера большой с кунжутом_batch_2,Смешивание,1109,1119,10
Зерновой Столичный_batch_1,Комбинирование,1109,1113,4
Батон Нарезной_batch_4,Формовка,1110,1117,7
Сэндвич_batch_38,Расстойка,1112,1137,25
Булочка для хотдога штучно_batch_4,Комбинирование,1113,1122,9
Зерновой Столичный_batch_1,Смешивание,1113,1123,10
Здоровье_batch_1,Формовка,1114,1117,3
Багет отрубной_batch_1,Комбинирование,1115,1126,11
Береке_batch_2,Смешивание,1115,1125,10
Батон Верный_batch_1,Выпекание,1116,1133,17
Батон Нарезной_batch_4,Расстойка,1117,1142,25
Здоровье_batch_1,Расстойка,1117,1142,25
Булочка для гамбургера большой с кунжутом_batch_2,Формовка,1119,1128,9
Датский_batch_1,Выпекание,1120,1137,17
Любимый_batch_5,Выпекание,1120,1137,17
Сэндвич_batch_29,Остывание,1121,1166,45
Багет луковый_batch_1,Комбинирование,1122,1132,10
Булочка для хотдога штучно_batch_4,Смешивание,1122,1132,10
Домашний_batch_1,Выпекание,1122,1139,17
Семейный_batch_4,Выпекание,1122,1139,17
Зерновой Столичный_batch_1,Формовка,1123,1125,2
Береке_batch_2,Формовка,1125,1131,6
Зерновой Столичный_batch_1,Расстойка,1125,1150,25
Багет отрубной_batch_1,Смешивание,1126,1136,10
Булочка для гамбургера большой с кунжутом_batch_2,Расстойка,1128,1153,25
Сэндвич_batch_1,Остывание,1130,1175,45
Береке_batch_2,Расстойка,1131,1151,20
Багет луковый_batch_1,Смешивание,1132,1142,10
Булочка для хотдога штучно_batch_4,Формовка,1132,1137,5
Батон Верный_batch_1,Остывание,1133,1193,60
Багет отрубной_batch_1,Формовка,1136,1142,6
Булочка для хотдога штучно_batch_4,Расстойка,1137,1162,25
Датский_batch_1,Остывание,1137,1197,60
Любимый_batch_5,Остывание,1137,1197,60
Сэндвич_batch_38,Выпекание,1137,1159,22
Домашний_batch_1,Остывание,1139,1199,60
Семейный_batch_4,Остывание,1139,1199,60
Багет луковый_batch_1,Формовка,1142,1147,5
Багет отрубной_batch_1,Расстойка,1142,1167,25
Батон Нарезной_batch_4,Выпекание,1142,1159,17
Здоровье_batch_1,Выпекание,1142,1160,18
Багет луковый_batch_1,Расстойка,1147,1167,20
Зерновой Столичный_batch_1,Выпекание,1150,1167,17
Береке_batch_2,Выпекание,1151,1167,16
Булочка для гамбургера большой с кунжутом_batch_2,Выпекание,1153,1175,22
Батон Нарезной_batch_4,Остывание,1159,1219,60
Сэндвич_batch_38,Остывание,1159,1204,45
Здоровье_batch_1,Остывание,1160,1220,60
Булочка для хотдога штучно_batch_4,Выпекание,1162,1184,22
Багет луковый_batch_1,Выпекание,1167,1185,18
Багет отрубной_batch_1,Выпекание,1167,1185,18
Береке_batch_2,Остывание,1167,1227,60
Зерновой Столичный_batch_1,Остывание,1167,1227,60
Булочка для гамбургера большой с кунжутом_batch_2,Остывание,1175,1220,45
Булочка для хотдога штучно_batch_4,Остывание,1184,1229,45
Багет луковый_batch_1,Остывание,1185,1230,45
Багет отрубной_batch_1,Остывание,1185,1230,45
