Batch_ID,Stage,Start_Time_Min,End_Time_Min,Duration_Min
Бородинский_batch_2,Комбинирование,0,21,21
Отрубной (общий)_batch_3,Комбинирование,0,10,10
Отрубной (общий)_batch_3,Смешивание,10,20,10
Славянский_batch_1,Комбинирование,10,11,1
Диета_batch_3,Комбинирование,11,32,21
Славянский_batch_1,Смешивание,11,21,10
Отрубной (общий)_batch_3,Формовка,20,25,5
Бородинский_batch_1,Комбинирование,21,42,21
Бородинский_batch_2,Смешивание,21,31,10
Славянский_batch_1,Формовка,21,22,1
Славянский_batch_1,Расстойка,22,47,25
Отрубной (общий)_batch_3,Расстойка,25,50,25
Бородинский_batch_2,Формовка,31,42,11
Диета_batch_3,Смешивание,32,42,10
Плетенка_batch_2,Комбинирование,32,38,6
Здоровье_batch_1,Комбинирование,38,42,4
Плетенка_batch_2,Смешивание,38,48,10
Бородинский_batch_4,Комбинирование,42,63,21
Диета_batch_3,Формовка,42,53,11
Здоровье_batch_1,Смешивание,42,52,10
Формовой_batch_7,Комбинирование,42,63,21
Бородинский_batch_1,Смешивание,43,53,10
Бородинский_batch_2,Расстойка,43,63,20
Славянский_batch_1,Выпекание,47,64,17
Плетенка_batch_2,Формовка,48,51,3
Отрубной (общий)_batch_3,Выпекание,50,67,17
Плетенка_batch_2,Расстойка,51,76,25
Здоровье_batch_1,Формовка,52,55,3
Бородинский_batch_1,Формовка,54,65,11
Здоровье_batch_1,Расстойка,55,80,25
Диета_batch_3,Расстойка,56,94,38
Бородинский_batch_2,Выпекание,63,118,55
Бородинский_batch_3,Комбинирование,63,84,21
Бородинский_batch_4,Смешивание,63,73,10
Бородинский_batch_5,Комбинирование,63,76,13
Формовой_batch_7,Смешивание,63,75,12
Бородинский_batch_1,Расстойка,65,85,20
Отрубной (общий)_batch_3,Остывание,67,127,60
Бородинский_batch_4,Формовка,73,84,11
Формовой_batch_7,Формовка,75,86,11
Бородинский_batch_5,Смешивание,76,86,10
Плетенка_batch_2,Выпекание,76,93,17
Славянский_batch_1,Остывание,76,136,60
Формовой_batch_4,Комбинирование,76,97,21
Здоровье_batch_1,Выпекание,80,98,18
Бородинский_batch_3,Смешивание,84,94,10
Бородинский_batch_4,Расстойка,84,104,20
Формовой_batch_8,Комбинирование,84,105,21
Бородинский_batch_1,Выпекание,85,140,55
Бородинский_batch_5,Формовка,86,93,7
Формовой_batch_7,Расстойка,86,111,25
Бородинский_batch_5,Расстойка,93,113,20
Плетенка_batch_2,Остывание,93,153,60
Бородинский_batch_3,Формовка,94,105,11
Диета_batch_1,Комбинирование,97,118,21
Формовой_batch_4,Смешивание,97,109,12
Здоровье_batch_1,Остывание,98,158,60
Диета_batch_3,Выпекание,99,134,35
Бородинский_batch_4,Выпекание,104,159,55
Бородинский_batch_3,Расстойка,105,125,20
Формовой_batch_18,Комбинирование,105,126,21
Формовой_batch_8,Смешивание,105,117,12
Формовой_batch_4,Формовка,109,120,11
Формовой_batch_7,Выпекание,111,156,45
Бородинский_batch_5,Выпекание,113,168,55
Формовой_batch_8,Формовка,117,128,11
Бородинский_batch_2,Остывание,118,238,120
Диета_batch_1,Смешивание,118,128,10
Формовой_batch_2,Комбинирование,118,139,21
Формовой_batch_4,Расстойка,120,145,25
Бородинский_batch_3,Выпекание,125,180,55
Формовой_batch_13,Комбинирование,126,147,21
Формовой_batch_18,Смешивание,126,138,12
Диета_batch_1,Формовка,128,139,11
Формовой_batch_8,Расстойка,129,154,25
Диета_batch_3,Остывание,134,224,90
Формовой_batch_18,Формовка,138,149,11
Диета_batch_1,Расстойка,139,177,38
Формовой_batch_2,Смешивание,139,151,12
Формовой_batch_24,Комбинирование,139,160,21
Бородинский_batch_1,Остывание,140,260,120
Формовой_batch_4,Выпекание,145,190,45
Формовой_batch_13,Смешивание,147,159,12
Формовой_batch_9,Комбинирование,147,168,21
Формовой_batch_18,Расстойка,149,174,25
Формовой_batch_2,Формовка,151,162,11
Формовой_batch_8,Выпекание,154,199,45
Формовой_batch_7,Остывание,156,246,90
Бородинский_batch_4,Остывание,159,279,120
Формовой_batch_13,Формовка,159,170,11
Формовой_batch_11,Комбинирование,160,181,21
Формовой_batch_24,Смешивание,160,172,12
Формовой_batch_2,Расстойка,162,187,25
Бородинский_batch_5,Остывание,168,288,120
Формовой_batch_21,Комбинирование,168,189,21
Формовой_batch_9,Смешивание,168,180,12
Формовой_batch_13,Расстойка,170,195,25
Формовой_batch_24,Формовка,172,183,11
Формовой_batch_18,Выпекание,174,219,45
Диета_batch_1,Выпекание,177,212,35
Формовой_batch_9,Формовка,180,191,11
Булочка для хотдога штучно_batch_2,Комбинирование,181,202,21
Формовой_batch_11,Смешивание,181,193,12
Формовой_batch_24,Расстойка,183,208,25
Формовой_batch_2,Выпекание,187,232,45
Формовой_batch_12,Комбинирование,189,210,21
Формовой_batch_21,Смешивание,189,201,12
Формовой_batch_4,Остывание,190,280,90
Формовой_batch_9,Расстойка,191,216,25
Формовой_batch_11,Формовка,193,204,11
Формовой_batch_13,Выпекание,195,240,45
Формовой_batch_8,Остывание,199,289,90
Формовой_batch_21,Формовка,201,212,11
Булочка для хотдога штучно_batch_2,Смешивание,202,212,10
Формовой_batch_22,Комбинирование,202,223,21
Формовой_batch_11,Расстойка,204,229,25
Формовой_batch_24,Выпекание,208,253,45
Формовой_batch_12,Смешивание,210,222,12
Формовой_batch_20,Комбинирование,210,231,21
Булочка для хотдога штучно_batch_2,Формовка,212,223,11
Диета_batch_1,Остывание,212,302,90
Формовой_batch_21,Расстойка,212,237,25
Формовой_batch_9,Выпекание,216,261,45
Формовой_batch_18,Остывание,219,309,90
Формовой_batch_12,Формовка,222,233,11
Булочка для хотдога штучно_batch_2,Расстойка,223,248,25
Формовой_batch_22,Смешивание,223,235,12
Формовой_batch_23,Комбинирование,223,244,21
Формовой_batch_11,Выпекание,229,274,45
Формовой_batch_20,Смешивание,231,243,12
Формовой_batch_3,Комбинирование,231,252,21
Формовой_batch_2,Остывание,232,322,90
Формовой_batch_12,Расстойка,233,258,25
Формовой_batch_22,Формовка,235,246,11
Формовой_batch_21,Выпекание,237,282,45
Формовой_batch_13,Остывание,240,330,90
Формовой_batch_20,Формовка,243,254,11
Мини формовой_batch_2,Комбинирование,244,265,21
Формовой_batch_23,Смешивание,244,256,12
Формовой_batch_22,Расстойка,246,271,25
Булочка для хотдога штучно_batch_2,Выпекание,248,270,22
Диета_batch_2,Комбинирование,252,273,21
Формовой_batch_3,Смешивание,252,264,12
Формовой_batch_24,Остывание,253,343,90
Формовой_batch_20,Расстойка,254,279,25
Формовой_batch_23,Формовка,256,267,11
Формовой_batch_12,Выпекание,258,303,45
Формовой_batch_9,Остывание,261,351,90
Формовой_batch_3,Формовка,264,275,11
Мини формовой_batch_2,Смешивание,265,277,12
Формовой_batch_15,Комбинирование,265,286,21
Формовой_batch_23,Расстойка,267,292,25
Булочка для хотдога штучно_batch_2,Остывание,270,315,45
Формовой_batch_22,Выпекание,271,316,45
Диета_batch_2,Смешивание,273,283,10
Формовой_batch_16,Комбинирование,273,294,21
Формовой_batch_11,Остывание,274,364,90
Формовой_batch_3,Расстойка,275,300,25
Мини формовой_batch_2,Формовка,277,288,11
Формовой_batch_20,Выпекание,279,324,45
Формовой_batch_21,Остывание,282,372,90
Диета_batch_2,Формовка,283,294,11
Мини формовой_batch_3,Комбинирование,286,307,21
Формовой_batch_15,Смешивание,286,298,12
Мини формовой_batch_2,Расстойка,288,313,25
Формовой_batch_23,Выпекание,292,337,45
Диета_batch_2,Расстойка,294,332,38
Формовой_batch_16,Смешивание,294,306,12
Формовой_batch_6,Комбинирование,294,315,21
Формовой_batch_15,Формовка,298,309,11
Формовой_batch_3,Выпекание,300,345,45
Формовой_batch_12,Остывание,303,393,90
Формовой_batch_16,Формовка,306,317,11
Мини формовой_batch_3,Смешивание,307,319,12
Формовой_batch_14,Комбинирование,307,328,21
Формовой_batch_15,Расстойка,309,334,25
Мини формовой_batch_2,Выпекание,313,358,45
Формовой_batch_5,Комбинирование,315,336,21
Формовой_batch_6,Смешивание,315,327,12
Формовой_batch_22,Остывание,316,406,90
Формовой_batch_16,Расстойка,317,342,25
Мини формовой_batch_3,Формовка,319,330,11
Формовой_batch_20,Остывание,324,414,90
Формовой_batch_6,Формовка,327,338,11
Формовой_batch_1,Комбинирование,328,349,21
Формовой_batch_14,Смешивание,328,340,12
Мини формовой_batch_3,Расстойка,330,355,25
Диета_batch_2,Выпекание,332,367,35
Формовой_batch_15,Выпекание,334,379,45
Формовой_batch_10,Комбинирование,336,357,21
Формовой_batch_5,Смешивание,336,348,12
Формовой_batch_23,Остывание,337,427,90
Формовой_batch_6,Расстойка,338,363,25
Формовой_batch_14,Формовка,340,351,11
Формовой_batch_16,Выпекание,342,387,45
Формовой_batch_3,Остывание,345,435,90
Формовой_batch_5,Формовка,348,359,11
Мини формовой_batch_1,Комбинирование,349,370,21
Формовой_batch_1,Смешивание,349,361,12
Формовой_batch_14,Расстойка,351,376,25
Мини формовой_batch_3,Выпекание,355,400,45
Формовой_batch_10,Смешивание,357,369,12
Формовой_batch_25,Комбинирование,357,364,7
Мини формовой_batch_2,Остывание,358,448,90
Формовой_batch_5,Расстойка,359,384,25
Формовой_batch_1,Формовка,361,372,11
Формовой_batch_6,Выпекание,363,408,45
Мини формовой_batch_4,Комбинирование,364,375,11
Формовой_batch_25,Смешивание,364,376,12
Диета_batch_2,Остывание,367,457,90
Формовой_batch_10,Формовка,369,380,11
Мини формовой_batch_1,Смешивание,370,382,12
Сэндвич_batch_32,Комбинирование,370,391,21
Формовой_batch_1,Расстойка,372,397,25
Диета_batch_4,Комбинирование,375,377,2
Мини формовой_batch_4,Смешивание,376,388,12
Формовой_batch_14,Выпекание,376,421,45
Формовой_batch_25,Формовка,376,380,4
Багет новый_batch_1,Комбинирование,377,398,21
Диета_batch_4,Смешивание,377,387,10
Формовой_batch_15,Остывание,379,469,90
Формовой_batch_10,Расстойка,380,405,25
Формовой_batch_25,Расстойка,380,405,25
Мини формовой_batch_1,Формовка,382,393,11
Формовой_batch_5,Выпекание,384,429,45
Формовой_batch_16,Остывание,387,477,90
Диета_batch_4,Формовка,388,389,1
Мини формовой_batch_4,Формовка,389,395,6
Багет новый_batch_3,Комбинирование,391,402,11
Диета_batch_4,Расстойка,391,429,38
Сэндвич_batch_32,Смешивание,391,401,10
Мини формовой_batch_4,Расстойка,395,420,25
Мини формовой_batch_1,Расстойка,396,421,25
Формовой_batch_1,Выпекание,397,442,45
Багет новый_batch_1,Смешивание,398,408,10
Батон Нарезной_batch_1,Комбинирование,398,419,21
Мини формовой_batch_3,Остывание,400,490,90
Сэндвич_batch_32,Формовка,401,412,11
Багет новый_batch_2,Комбинирование,402,423,21
Багет новый_batch_3,Смешивание,402,412,10
Формовой_batch_10,Выпекание,405,450,45
Формовой_batch_25,Выпекание,405,450,45
Формовой_batch_6,Остывание,408,498,90
Багет новый_batch_1,Формовка,409,420,11
Багет новый_batch_3,Формовка,413,419,6
Сэндвич_batch_32,Расстойка,417,442,25
Батон Нарезной_batch_1,Смешивание,419,429,10
Хлеб «Зерновой»_batch_2,Комбинирование,419,428,9
Багет новый_batch_1,Расстойка,420,445,25
Мини формовой_batch_4,Выпекание,420,465,45
Мини формовой_batch_1,Выпекание,421,466,45
Формовой_batch_14,Остывание,421,511,90
Багет новый_batch_2,Смешивание,423,433,10
Багет новый_batch_3,Расстойка,423,448,25
Плетенка_batch_1,Комбинирование,423,444,21
Семейный_batch_2,Комбинирование,428,449,21
Батон Нарезной_batch_1,Формовка,429,440,11
Диета_batch_4,Выпекание,429,464,35
Формовой_batch_5,Остывание,429,519,90
Хлеб «Зерновой»_batch_2,Смешивание,429,439,10
Багет новый_batch_2,Формовка,433,444,11
Батон Нарезной_batch_1,Расстойка,440,465,25
Хлеб «Зерновой»_batch_2,Формовка,440,445,5
Сэндвич_batch_32,Выпекание,442,464,22
Формовой_batch_1,Остывание,442,532,90
Багет новый_batch_2,Расстойка,444,469,25
Отрубной (общий)_batch_1,Комбинирование,444,465,21
Плетенка_batch_1,Смешивание,444,454,10
Хлеб «Зерновой»_batch_2,Расстойка,446,471,25
Любимый_batch_5,Комбинирование,449,470,21
Семейный_batch_2,Смешивание,449,459,10
Багет новый_batch_1,Выпекание,450,475,25
Багет новый_batch_3,Выпекание,450,475,25
Формовой_batch_10,Остывание,450,540,90
Формовой_batch_25,Остывание,450,540,90
Плетенка_batch_1,Формовка,454,465,11
Семейный_batch_2,Формовка,459,470,11
Диета_batch_4,Остывание,464,554,90
Сэндвич_batch_32,Остывание,464,509,45
Батон Нарезной_batch_1,Выпекание,465,482,17
Любимый_batch_2,Комбинирование,465,486,21
Мини формовой_batch_4,Остывание,465,555,90
Отрубной (общий)_batch_1,Смешивание,465,475,10
Плетенка_batch_1,Расстойка,465,490,25
Мини формовой_batch_1,Остывание,466,556,90
Багет новый_batch_2,Выпекание,469,494,25
Любимый_batch_3,Комбинирование,470,491,21
Любимый_batch_5,Смешивание,470,480,10
Семейный_batch_2,Расстойка,470,495,25
Хлеб «Зерновой»_batch_2,Выпекание,471,496,25
Багет новый_batch_1,Остывание,475,550,75
Багет новый_batch_3,Остывание,475,550,75
Отрубной (общий)_batch_1,Формовка,475,486,11
Любимый_batch_5,Формовка,480,491,11
Батон Нарезной_batch_1,Остывание,482,542,60
Любимый_batch_1,Комбинирование,486,507,21
Любимый_batch_2,Смешивание,486,496,10
Отрубной (общий)_batch_1,Расстойка,486,511,25
Плетенка_batch_1,Выпекание,490,507,17
Жайлы_batch_1,Комбинирование,491,512,21
Любимый_batch_3,Смешивание,491,501,10
Любимый_batch_5,Расстойка,491,516,25
Багет новый_batch_2,Остывание,494,569,75
Семейный_batch_2,Выпекание,495,512,17
Любимый_batch_2,Формовка,496,507,11
Хлеб «Зерновой»_batch_2,Остывание,496,571,75
Бородинский_batch_3,Остывание,498,618,120
Любимый_batch_3,Формовка,501,512,11
Баварский Деревенский Ржаной_batch_1,Комбинирование,507,510,3
Любимый_batch_1,Смешивание,507,517,10
Любимый_batch_2,Расстойка,507,532,25
Плетенка_batch_1,Остывание,507,567,60
Баварский Деревенский Ржаной_batch_1,Смешивание,510,520,10
Чиабатта_batch_1,Комбинирование,510,516,6
Отрубной (общий)_batch_1,Выпекание,511,528,17
Жайлы_batch_1,Смешивание,512,522,10
Любимый_batch_3,Расстойка,512,537,25
Семейный_batch_1,Комбинирование,512,533,21
Семейный_batch_2,Остывание,512,572,60
Любимый_batch_5,Выпекание,516,533,17
Формовой_batch_17,Комбинирование,516,537,21
Любимый_batch_1,Формовка,517,528,11
Чиабатта_batch_1,Смешивание,517,527,10
Баварский Деревенский Ржаной_batch_1,Формовка,520,522,2
Жайлы_batch_1,Формовка,522,533,11
Баварский Деревенский Ржаной_batch_1,Расстойка,523,553,30
Любимый_batch_1,Расстойка,528,553,25
Отрубной (общий)_batch_1,Остывание,528,588,60
Чиабатта_batch_1,Формовка,528,532,4
Любимый_batch_2,Выпекание,532,549,17
Чиабатта_batch_1,Расстойка,532,557,25
Жайлы_batch_1,Расстойка,533,558,25
Любимый_batch_5,Остывание,533,593,60
Семейный_batch_1,Смешивание,533,543,10
Формовой_batch_19,Комбинирование,533,554,21
Любимый_batch_3,Выпекание,537,554,17
Формовой_batch_17,Смешивание,537,549,12
Хлеб «Зерновой»_batch_1,Комбинирование,537,558,21
Семейный_batch_1,Формовка,543,554,11
Любимый_batch_2,Остывание,549,609,60
Формовой_batch_17,Формовка,549,560,11
Баварский Деревенский Ржаной_batch_1,Выпекание,553,571,18
Любимый_batch_1,Выпекание,553,570,17
Батон Нарезной_batch_2,Комбинирование,554,575,21
Любимый_batch_3,Остывание,554,614,60
Семейный_batch_1,Расстойка,554,579,25
Формовой_batch_19,Смешивание,554,566,12
Чиабатта_batch_1,Выпекание,557,582,25
Батон Нарезной_batch_3,Комбинирование,558,579,21
Жайлы_batch_1,Выпекание,558,575,17
Хлеб «Зерновой»_batch_1,Смешивание,558,568,10
Формовой_batch_17,Расстойка,560,585,25
Формовой_batch_19,Формовка,566,577,11
Хлеб «Зерновой»_batch_1,Формовка,568,579,11
Любимый_batch_1,Остывание,570,630,60
Баварский Деревенский Ржаной_batch_1,Остывание,571,661,90
Батон Нарезной_batch_2,Смешивание,575,585,10
Жайлы_batch_1,Остывание,575,635,60
Любимый_batch_7,Комбинирование,575,596,21
Формовой_batch_19,Расстойка,577,602,25
Батон Нарезной_batch_3,Смешивание,579,589,10
Отрубной (общий)_batch_2,Комбинирование,579,600,21
Семейный_batch_1,Выпекание,579,596,17
Хлеб «Зерновой»_batch_1,Расстойка,579,604,25
Чиабатта_batch_1,Остывание,582,657,75
Батон Нарезной_batch_2,Формовка,585,596,11
Формовой_batch_17,Выпекание,585,630,45
Батон Нарезной_batch_3,Формовка,589,600,11
Батон Нарезной_batch_2,Расстойка,596,621,25
Любимый_batch_4,Комбинирование,596,617,21
Любимый_batch_7,Смешивание,596,606,10
Семейный_batch_1,Остывание,596,656,60
Батон Нарезной_batch_3,Расстойка,600,625,25
Отрубной (общий)_batch_2,Смешивание,600,610,10
Семейный_batch_3,Комбинирование,600,621,21
Формовой_batch_19,Выпекание,602,647,45
Хлеб «Зерновой»_batch_1,Выпекание,604,629,25
Любимый_batch_7,Формовка,606,617,11
Отрубной (общий)_batch_2,Формовка,610,621,11
Любимый_batch_4,Смешивание,617,627,10
Любимый_batch_7,Расстойка,617,642,25
Любимый_batch_8,Комбинирование,617,638,21
Батон Нарезной_batch_2,Выпекание,621,638,17
Любимый_batch_6,Комбинирование,621,642,21
Отрубной (общий)_batch_2,Расстойка,621,646,25
Семейный_batch_3,Смешивание,621,631,10
Батон Нарезной_batch_3,Выпекание,625,642,17
Любимый_batch_4,Формовка,627,638,11
Хлеб «Зерновой»_batch_1,Остывание,629,704,75
Формовой_batch_17,Остывание,630,720,90
Семейный_batch_3,Формовка,631,642,11
Батон Нарезной_batch_2,Остывание,638,698,60
Любимый_batch_4,Расстойка,638,663,25
Любимый_batch_8,Смешивание,638,648,10
Премиум_batch_1,Комбинирование,638,640,2
Береке_batch_1,Комбинирование,640,661,21
Премиум_batch_1,Смешивание,640,650,10
Батон Нарезной_batch_3,Остывание,642,702,60
Любимый_batch_6,Смешивание,642,652,10
Любимый_batch_7,Выпекание,642,659,17
Семейный_batch_3,Расстойка,642,667,25
Сэндвич_batch_34,Комбинирование,642,663,21
Отрубной (общий)_batch_2,Выпекание,646,663,17
Формовой_batch_19,Остывание,647,737,90
Любимый_batch_8,Формовка,648,659,11
Премиум_batch_1,Формовка,650,651,1
Премиум_batch_1,Расстойка,651,676,25
Любимый_batch_6,Формовка,652,663,11
Любимый_batch_7,Остывание,659,719,60
Любимый_batch_8,Расстойка,659,684,25
Береке_batch_1,Смешивание,661,671,10
Сэндвич_batch_9,Комбинирование,661,682,21
Любимый_batch_4,Выпекание,663,680,17
Любимый_batch_6,Расстойка,663,688,25
Отрубной (общий)_batch_2,Остывание,663,723,60
Сэндвич_batch_3,Комбинирование,663,684,21
Сэндвич_batch_34,Смешивание,663,673,10
Семейный_batch_3,Выпекание,667,684,17
Береке_batch_1,Формовка,671,682,11
Сэндвич_batch_34,Формовка,673,684,11
Премиум_batch_1,Выпекание,676,701,25
Любимый_batch_4,Остывание,680,740,60
Береке_batch_1,Расстойка,682,702,20
Сэндвич_batch_29,Комбинирование,682,703,21
Сэндвич_batch_9,Смешивание,682,692,10
Любимый_batch_8,Выпекание,684,701,17
Семейный_batch_3,Остывание,684,744,60
Сэндвич_batch_12,Комбинирование,684,705,21
Сэндвич_batch_3,Смешивание,684,694,10
Сэндвич_batch_34,Расстойка,684,709,25
Любимый_batch_6,Выпекание,688,705,17
Сэндвич_batch_9,Формовка,692,703,11
Сэндвич_batch_3,Формовка,694,705,11
Любимый_batch_8,Остывание,701,761,60
Премиум_batch_1,Остывание,701,776,75
Береке_batch_1,Выпекание,702,718,16
Сэндвич_batch_17,Комбинирование,703,724,21
Сэндвич_batch_29,Смешивание,703,713,10
Сэндвич_batch_9,Расстойка,703,728,25
Любимый_batch_6,Остывание,705,765,60
Сэндвич_batch_12,Смешивание,705,715,10
Сэндвич_batch_3,Расстойка,705,730,25
Сэндвич_batch_30,Комбинирование,705,726,21
Сэндвич_batch_34,Выпекание,709,731,22
Сэндвич_batch_29,Формовка,713,724,11
Сэндвич_batch_12,Формовка,715,726,11
Береке_batch_1,Остывание,718,778,60
Сэндвич_batch_17,Смешивание,724,734,10
Сэндвич_batch_21,Комбинирование,724,745,21
Сэндвич_batch_29,Расстойка,724,749,25
Сэндвич_batch_12,Расстойка,726,751,25
Сэндвич_batch_13,Комбинирование,726,747,21
Сэндвич_batch_30,Смешивание,726,736,10
Сэндвич_batch_9,Выпекание,728,750,22
Сэндвич_batch_3,Выпекание,730,752,22
Сэндвич_batch_34,Остывание,731,776,45
Сэндвич_batch_17,Формовка,734,745,11
Сэндвич_batch_30,Формовка,736,747,11
Сэндвич_batch_17,Расстойка,745,770,25
Сэндвич_batch_21,Смешивание,745,755,10
Сэндвич_batch_8,Комбинирование,745,766,21
Сэндвич_batch_13,Смешивание,747,757,10
Сэндвич_batch_18,Комбинирование,747,768,21
Сэндвич_batch_30,Расстойка,747,772,25
Сэндвич_batch_29,Выпекание,749,771,22
Сэндвич_batch_9,Остывание,750,795,45
Сэндвич_batch_12,Выпекание,751,773,22
Сэндвич_batch_3,Остывание,752,797,45
Сэндвич_batch_21,Формовка,755,766,11
Сэндвич_batch_13,Формовка,757,768,11
Сэндвич_batch_21,Расстойка,766,791,25
Сэндвич_batch_24,Комбинирование,766,787,21
Сэндвич_batch_8,Смешивание,766,776,10
Сэндвич_batch_13,Расстойка,768,793,25
Сэндвич_batch_18,Смешивание,768,778,10
Сэндвич_batch_26,Комбинирование,768,789,21
Сэндвич_batch_17,Выпекание,770,792,22
Сэндвич_batch_29,Остывание,771,816,45
Сэндвич_batch_30,Выпекание,772,794,22
Сэндвич_batch_12,Остывание,773,818,45
Сэндвич_batch_8,Формовка,776,787,11
Сэндвич_batch_18,Формовка,778,789,11
Булочка для гамбургера большой с кунжутом_batch_1,Комбинирование,787,808,21
Сэндвич_batch_24,Смешивание,787,797,10
Сэндвич_batch_8,Расстойка,787,812,25
Булочка для хотдога штучно_batch_3,Комбинирование,789,810,21
Сэндвич_batch_18,Расстойка,789,814,25
Сэндвич_batch_26,Смешивание,789,799,10
Сэндвич_batch_21,Выпекание,791,813,22
Сэндвич_batch_17,Остывание,792,837,45
Сэндвич_batch_13,Выпекание,793,815,22
Сэндвич_batch_30,Остывание,794,839,45
Сэндвич_batch_24,Формовка,797,808,11
Сэндвич_batch_26,Формовка,799,810,11
Булочка для гамбургера большой с кунжутом_batch_1,Смешивание,808,818,10
Сэндвич_batch_24,Расстойка,808,833,25
Сэндвич_batch_7,Комбинирование,808,829,21
Булочка для хотдога штучно_batch_3,Смешивание,810,820,10
Сэндвич_batch_26,Расстойка,810,835,25
Сэндвич_batch_36,Комбинирование,810,831,21
Сэндвич_batch_8,Выпекание,812,834,22
Сэндвич_batch_21,Остывание,813,858,45
Сэндвич_batch_18,Выпекание,814,836,22
Сэндвич_batch_13,Остывание,815,860,45
Булочка для гамбургера большой с кунжутом_batch_1,Формовка,818,829,11
Булочка для хотдога штучно_batch_3,Формовка,820,831,11
Булочка для гамбургера большой с кунжутом_batch_1,Расстойка,829,854,25
Сэндвич_batch_16,Комбинирование,829,850,21
Сэндвич_batch_7,Смешивание,829,839,10
Булочка для хотдога штучно_batch_3,Расстойка,831,856,25
Сэндвич_batch_23,Комбинирование,831,852,21
Сэндвич_batch_36,Смешивание,831,841,10
Сэндвич_batch_24,Выпекание,833,855,22
Сэндвич_batch_8,Остывание,834,879,45
Сэндвич_batch_26,Выпекание,835,857,22
Сэндвич_batch_18,Остывание,836,881,45
Сэндвич_batch_7,Формовка,839,850,11
Сэндвич_batch_36,Формовка,841,852,11
Сэндвич_batch_16,Смешивание,850,860,10
Сэндвич_batch_31,Комбинирование,850,871,21
Сэндвич_batch_7,Расстойка,850,875,25
Сэндвич_batch_10,Комбинирование,852,873,21
Сэндвич_batch_23,Смешивание,852,862,10
Сэндвич_batch_36,Расстойка,852,877,25
Булочка для гамбургера большой с кунжутом_batch_1,Выпекание,854,876,22
Сэндвич_batch_24,Остывание,855,900,45
Булочка для хотдога штучно_batch_3,Выпекание,856,878,22
Сэндвич_batch_26,Остывание,857,902,45
Сэндвич_batch_16,Формовка,860,871,11
Сэндвич_batch_23,Формовка,862,873,11
Сэндвич_batch_11,Комбинирование,871,892,21
Сэндвич_batch_16,Расстойка,871,896,25
Сэндвич_batch_31,Смешивание,871,881,10
Сэндвич_batch_10,Смешивание,873,883,10
Сэндвич_batch_23,Расстойка,873,898,25
Сэндвич_batch_25,Комбинирование,873,894,21
Сэндвич_batch_7,Выпекание,875,897,22
Булочка для гамбургера большой с кунжутом_batch_1,Остывание,876,921,45
Сэндвич_batch_36,Выпекание,877,899,22
Булочка для хотдога штучно_batch_3,Остывание,878,923,45
Сэндвич_batch_31,Формовка,881,892,11
Сэндвич_batch_10,Формовка,883,894,11
Сэндвич_batch_11,Смешивание,892,902,10
Сэндвич_batch_31,Расстойка,892,917,25
Сэндвич_batch_33,Комбинирование,892,913,21
Сэндвич_batch_10,Расстойка,894,919,25
Сэндвич_batch_2,Комбинирование,894,915,21
Сэндвич_batch_25,Смешивание,894,904,10
Сэндвич_batch_16,Выпекание,896,918,22
Сэндвич_batch_7,Остывание,897,942,45
Сэндвич_batch_23,Выпекание,898,920,22
Сэндвич_batch_36,Остывание,899,944,45
Сэндвич_batch_11,Формовка,902,913,11
Сэндвич_batch_25,Формовка,904,915,11
Сэндвич_batch_11,Расстойка,913,938,25
Сэндвич_batch_33,Смешивание,913,923,10
Сэндвич_batch_4,Комбинирование,913,934,21
Сэндвич_batch_19,Комбинирование,915,936,21
Сэндвич_batch_2,Смешивание,915,925,10
Сэндвич_batch_25,Расстойка,915,940,25
Сэндвич_batch_31,Выпекание,917,939,22
Сэндвич_batch_16,Остывание,918,963,45
Сэндвич_batch_10,Выпекание,919,941,22
Сэндвич_batch_23,Остывание,920,965,45
Сэндвич_batch_33,Формовка,923,934,11
Сэндвич_batch_2,Формовка,925,936,11
Сэндвич_batch_33,Расстойка,934,959,25
Сэндвич_batch_37,Комбинирование,934,955,21
Сэндвич_batch_4,Смешивание,934,944,10
Сэндвич_batch_19,Смешивание,936,946,10
Сэндвич_batch_2,Расстойка,936,961,25
Сэндвич_batch_35,Комбинирование,936,957,21
Сэндвич_batch_11,Выпекание,938,960,22
Сэндвич_batch_31,Остывание,939,984,45
Сэндвич_batch_25,Выпекание,940,962,22
Сэндвич_batch_10,Остывание,941,986,45
Сэндвич_batch_4,Формовка,944,955,11
Сэндвич_batch_19,Формовка,946,957,11
Сэндвич_batch_37,Смешивание,955,965,10
Сэндвич_batch_4,Расстойка,955,980,25
Сэндвич_batch_5,Комбинирование,955,976,21
Сэндвич_batch_19,Расстойка,957,982,25
Сэндвич_batch_27,Комбинирование,957,978,21
Сэндвич_batch_35,Смешивание,957,967,10
Сэндвич_batch_33,Выпекание,959,981,22
Сэндвич_batch_11,Остывание,960,1005,45
Сэндвич_batch_2,Выпекание,961,983,22
Сэндвич_batch_25,Остывание,962,1007,45
Сэндвич_batch_37,Формовка,965,976,11
Сэндвич_batch_35,Формовка,967,978,11
Сэндвич_batch_37,Расстойка,976,1001,25
Сэндвич_batch_5,Смешивание,976,986,10
Сэндвич_batch_6,Комбинирование,976,997,21
Сэндвич_batch_15,Комбинирование,978,999,21
Сэндвич_batch_27,Смешивание,978,988,10
Сэндвич_batch_35,Расстойка,978,1003,25
Сэндвич_batch_4,Выпекание,980,1002,22
Сэндвич_batch_33,Остывание,981,1026,45
Сэндвич_batch_19,Выпекание,982,1004,22
Сэндвич_batch_2,Остывание,983,1028,45
Сэндвич_batch_5,Формовка,986,997,11
Сэндвич_batch_27,Формовка,988,999,11
Сэндвич_batch_22,Комбинирование,997,1018,21
Сэндвич_batch_5,Расстойка,997,1022,25
Сэндвич_batch_6,Смешивание,997,1007,10
Сэндвич_batch_15,Смешивание,999,1009,10
Сэндвич_batch_27,Расстойка,999,1024,25
Сэндвич_batch_28,Комбинирование,999,1020,21
Сэндвич_batch_37,Выпекание,1001,1023,22
Сэндвич_batch_4,Остывание,1002,1047,45
Сэндвич_batch_35,Выпекание,1003,1025,22
Сэндвич_batch_19,Остывание,1004,1049,45
Сэндвич_batch_6,Формовка,1007,1018,11
Сэндвич_batch_15,Формовка,1009,1020,11
Сэндвич_batch_1,Комбинирование,1018,1039,21
Сэндвич_batch_22,Смешивание,1018,1028,10
Сэндвич_batch_6,Расстойка,1018,1043,25
Сэндвич_batch_14,Комбинирование,1020,1041,21
Сэндвич_batch_15,Расстойка,1020,1045,25
Сэндвич_batch_28,Смешивание,1020,1030,10
Сэндвич_batch_5,Выпекание,1022,1044,22
Сэндвич_batch_37,Остывание,1023,1068,45
Сэндвич_batch_27,Выпекание,1024,1046,22
Сэндвич_batch_35,Остывание,1025,1070,45
Сэндвич_batch_22,Формовка,1028,1039,11
Сэндвич_batch_28,Формовка,1030,1041,11
Сэндвич_batch_1,Смешивание,1039,1049,10
Сэндвич_batch_20,Комбинирование,1039,1060,21
Сэндвич_batch_22,Расстойка,1039,1064,25
Булочка для хотдога штучно_batch_1,Комбинирование,1041,1062,21
Сэндвич_batch_14,Смешивание,1041,1051,10
Сэндвич_batch_28,Расстойка,1041,1066,25
Сэндвич_batch_6,Выпекание,1043,1065,22
Сэндвич_batch_5,Остывание,1044,1089,45
Сэндвич_batch_15,Выпекание,1045,1067,22
Сэндвич_batch_27,Остывание,1046,1091,45
Сэндвич_batch_1,Формовка,1049,1060,11
Сэндвич_batch_14,Формовка,1051,1062,11
Батон Нарезной_batch_4,Комбинирование,1060,1074,14
Сэндвич_batch_1,Расстойка,1060,1085,25
Сэндвич_batch_20,Смешивание,1060,1070,10
Батон Верный_batch_1,Комбинирование,1062,1075,13
Булочка для хотдога штучно_batch_1,Смешивание,1062,1072,10
Сэндвич_batch_14,Расстойка,1062,1087,25
Сэндвич_batch_22,Выпекание,1064,1086,22
Сэндвич_batch_6,Остывание,1065,1110,45
Сэндвич_batch_28,Выпекание,1066,1088,22
Сэндвич_batch_15,Остывание,1067,1112,45
Сэндвич_batch_20,Формовка,1070,1081,11
Булочка для хотдога штучно_batch_1,Формовка,1072,1083,11
Батон Нарезной_batch_4,Смешивание,1074,1084,10
Сэндвич_batch_38,Комбинирование,1074,1092,18
Батон Верный_batch_1,Смешивание,1075,1085,10
Зерновой Столичный_batch_1,Комбинирование,1075,1079,4
Жайлы_batch_2,Комбинирование,1079,1086,7
Зерновой Столичный_batch_1,Смешивание,1080,1090,10
Сэндвич_batch_20,Расстойка,1081,1106,25
Булочка для хотдога штучно_batch_1,Расстойка,1083,1108,25
Батон Нарезной_batch_4,Формовка,1084,1091,7
Батон Верный_batch_1,Формовка,1085,1092,7
Сэндвич_batch_1,Выпекание,1085,1107,22
Булочка для гамбургера большой с кунжутом_batch_2,Комбинирование,1086,1103,17
Жайлы_batch_2,Смешивание,1086,1096,10
Сэндвич_batch_22,Остывание,1086,1131,45
Сэндвич_batch_14,Выпекание,1087,1109,22
Сэндвич_batch_28,Остывание,1088,1133,45
Батон Нарезной_batch_4,Расстойка,1091,1116,25
Зерновой Столичный_batch_1,Формовка,1091,1093,2
Батон Верный_batch_1,Расстойка,1092,1117,25
Семейный_batch_4,Комбинирование,1092,1094,2
Сэндвич_batch_38,Смешивание,1092,1102,10
Зерновой Столичный_batch_1,Расстойка,1093,1118,25
Любимый_batch_9,Комбинирование,1094,1101,7
Семейный_batch_4,Смешивание,1094,1104,10
Жайлы_batch_2,Формовка,1096,1100,4
Жайлы_batch_2,Расстойка,1100,1125,25
Береке_batch_2,Комбинирование,1101,1112,11
Любимый_batch_9,Смешивание,1101,1111,10
Сэндвич_batch_38,Формовка,1102,1112,10
Булочка для гамбургера большой с кунжутом_batch_2,Смешивание,1103,1113,10
Датский_batch_1,Комбинирование,1103,1110,7
Семейный_batch_4,Формовка,1104,1105,1
Семейный_batch_4,Расстойка,1105,1130,25
Сэндвич_batch_20,Выпекание,1106,1128,22
Сэндвич_batch_1,Остывание,1107,1152,45
Булочка для хотдога штучно_batch_1,Выпекание,1108,1130,22
Сэндвич_batch_14,Остывание,1109,1154,45
Булочка для хотдога штучно_batch_4,Комбинирование,1110,1119,9
Датский_batch_1,Смешивание,1110,1120,10
Любимый_batch_9,Формовка,1111,1115,4
Береке_batch_2,Смешивание,1112,1122,10
Домашний_batch_1,Комбинирование,1112,1115,3
Сэндвич_batch_38,Расстойка,1112,1137,25
Булочка для гамбургера большой с кунжутом_batch_2,Формовка,1113,1122,9
Багет отрубной_batch_1,Комбинирование,1115,1126,11
Домашний_batch_1,Смешивание,1115,1125,10
Любимый_batch_9,Расстойка,1115,1140,25
Батон Нарезной_batch_4,Выпекание,1116,1133,17
Батон Верный_batch_1,Выпекание,1117,1134,17
Зерновой Столичный_batch_1,Выпекание,1118,1135,17
Хлеб «Тартин бездрожжевой»_batch_1,Комбинирование,1119,1122,3
Булочка для хотдога штучно_batch_4,Смешивание,1120,1130,10
Датский_batch_1,Формовка,1120,1124,4
Багет луковый_batch_1,Комбинирование,1122,1132,10
Береке_batch_2,Формовка,1122,1128,6
Хлеб «Тартин бездрожжевой»_batch_1,Смешивание,1122,1132,10
Датский_batch_1,Расстойка,1124,1149,25
Домашний_batch_1,Формовка,1125,1127,2
Жайлы_batch_2,Выпекание,1125,1142,17
Багет отрубной_batch_1,Смешивание,1126,1136,10
Булочка для гамбургера большой с кунжутом_batch_2,Расстойка,1127,1152,25
Домашний_batch_1,Расстойка,1127,1152,25
Береке_batch_2,Расстойка,1128,1148,20
Сэндвич_batch_20,Остывание,1128,1173,45
Булочка для хотдога штучно_batch_1,Остывание,1130,1175,45
Булочка для хотдога штучно_batch_4,Формовка,1130,1135,5
Семейный_batch_4,Выпекание,1130,1147,17
Багет луковый_batch_1,Смешивание,1132,1142,10
Хлеб «Тартин бездрожжевой»_batch_1,Формовка,1132,1134,2
Батон Нарезной_batch_4,Остывание,1133,1193,60
Батон Верный_batch_1,Остывание,1134,1194,60
Хлеб «Тартин бездрожжевой»_batch_1,Расстойка,1134,1154,20
Булочка для хотдога штучно_batch_4,Расстойка,1135,1160,25
Зерновой Столичный_batch_1,Остывание,1135,1195,60
Багет отрубной_batch_1,Формовка,1136,1142,6
Сэндвич_batch_38,Выпекание,1137,1159,22
Любимый_batch_9,Выпекание,1140,1157,17
Багет луковый_batch_1,Формовка,1142,1147,5
Багет отрубной_batch_1,Расстойка,1142,1167,25
Жайлы_batch_2,Остывание,1142,1202,60
Багет луковый_batch_1,Расстойка,1147,1167,20
Семейный_batch_4,Остывание,1147,1207,60
Береке_batch_2,Выпекание,1148,1164,16
Датский_batch_1,Выпекание,1149,1166,17
Домашний_batch_1,Выпекание,1152,1169,17
Хлеб «Тартин бездрожжевой»_batch_1,Выпекание,1154,1170,16
Булочка для гамбургера большой с кунжутом_batch_2,Выпекание,1157,1179,22
Любимый_batch_9,Остывание,1157,1217,60
Сэндвич_batch_38,Остывание,1159,1204,45
Булочка для хотдога штучно_batch_4,Выпекание,1160,1182,22
Береке_batch_2,Остывание,1164,1224,60
Датский_batch_1,Остывание,1166,1226,60
Багет луковый_batch_1,Выпекание,1167,1185,18
Багет отрубной_batch_1,Выпекание,1167,1185,18
Домашний_batch_1,Остывание,1169,1229,60
Хлеб «Тартин бездрожжевой»_batch_1,Остывание,1170,1230,60
Булочка для гамбургера большой с кунжутом_batch_2,Остывание,1179,1224,45
Булочка для хотдога штучно_batch_4,Остывание,1182,1227,45
Багет луковый_batch_1,Остывание,1185,1230,45
Багет отрубной_batch_1,Остывание,1185,1230,45
