Batch_ID,Stage,Start_Time_Min,End_Time_Min,Duration_Min
Бородинский_batch_1,Комбинирование,0,21,21
Бородинский_batch_3,Комбинирование,0,21,21
Бородинский_batch_1,Смешивание,21,31,10
Бородинский_batch_3,Смешивание,21,31,10
Бородинский_batch_4,Комбинирование,21,42,21
Диета_batch_2,Комбинирование,21,42,21
Бородинский_batch_1,Формовка,31,42,11
Бородинский_batch_3,Формовка,31,42,11
Бородинский_batch_1,Расстойка,42,62,20
Бородинский_batch_2,Комбинирование,42,63,21
Бородинский_batch_3,Расстойка,42,62,20
Бородинский_batch_4,Смешивание,42,52,10
Диета_batch_2,Смешивание,42,52,10
Диета_batch_3,Комбинирование,42,63,21
Бородинский_batch_4,Формовка,52,63,11
Диета_batch_2,Формовка,52,63,11
Бородинский_batch_1,Выпекание,62,117,55
Бородинский_batch_3,Выпекание,62,117,55
Бородинский_batch_2,Смешивание,63,73,10
Бородинский_batch_4,Расстойка,63,83,20
Бородинский_batch_5,Комбинирование,63,76,13
Диета_batch_1,Комбинирование,63,84,21
Диета_batch_2,Расстойка,63,101,38
Диета_batch_3,Смешивание,63,73,10
Бородинский_batch_2,Формовка,73,84,11
Диета_batch_3,Формовка,73,84,11
Бородинский_batch_5,Смешивание,76,86,10
Формовой_batch_3,Комбинирование,76,97,21
Бородинский_batch_4,Выпекание,83,138,55
Бородинский_batch_2,Расстойка,84,104,20
Диета_batch_1,Смешивание,84,94,10
Диета_batch_3,Расстойка,84,122,38
Формовой_batch_4,Комбинирование,84,105,21
Бородинский_batch_5,Формовка,86,93,7
Бородинский_batch_5,Расстойка,93,113,20
Диета_batch_1,Формовка,94,105,11
Формовой_batch_11,Комбинирование,97,118,21
Формовой_batch_3,Смешивание,97,109,12
Диета_batch_2,Выпекание,101,136,35
Бородинский_batch_2,Выпекание,104,159,55
Диета_batch_1,Расстойка,105,143,38
Формовой_batch_4,Смешивание,105,117,12
Формовой_batch_9,Комбинирование,105,126,21
Формовой_batch_3,Формовка,109,120,11
Бородинский_batch_5,Выпекание,113,168,55
Бородинский_batch_1,Остывание,117,237,120
Бородинский_batch_3,Остывание,117,237,120
Формовой_batch_4,Формовка,117,128,11
Формовой_batch_11,Смешивание,118,130,12
Формовой_batch_8,Комбинирование,118,139,21
Формовой_batch_3,Расстойка,120,145,25
Диета_batch_3,Выпекание,122,157,35
Формовой_batch_14,Комбинирование,126,147,21
Формовой_batch_9,Смешивание,126,138,12
Формовой_batch_4,Расстойка,128,153,25
Формовой_batch_11,Формовка,130,141,11
Диета_batch_2,Остывание,136,226,90
Бородинский_batch_4,Остывание,138,258,120
Формовой_batch_9,Формовка,138,149,11
Формовой_batch_20,Комбинирование,139,160,21
Формовой_batch_8,Смешивание,139,151,12
Формовой_batch_11,Расстойка,141,166,25
Диета_batch_1,Выпекание,143,178,35
Формовой_batch_3,Выпекание,145,190,45
Формовой_batch_14,Смешивание,147,159,12
Формовой_batch_19,Комбинирование,147,168,21
Формовой_batch_9,Расстойка,149,174,25
Формовой_batch_8,Формовка,151,162,11
Формовой_batch_4,Выпекание,153,198,45
Диета_batch_3,Остывание,157,247,90
Бородинский_batch_2,Остывание,159,279,120
Формовой_batch_14,Формовка,159,170,11
Формовой_batch_18,Комбинирование,160,181,21
Формовой_batch_20,Смешивание,160,172,12
Формовой_batch_8,Расстойка,162,187,25
Формовой_batch_11,Выпекание,166,211,45
Бородинский_batch_5,Остывание,168,288,120
Мини формовой_batch_2,Комбинирование,168,189,21
Формовой_batch_19,Смешивание,168,180,12
Формовой_batch_14,Расстойка,170,195,25
Формовой_batch_20,Формовка,172,183,11
Формовой_batch_9,Выпекание,174,219,45
Диета_batch_1,Остывание,178,268,90
Формовой_batch_19,Формовка,180,191,11
Формовой_batch_12,Комбинирование,181,202,21
Формовой_batch_18,Смешивание,181,193,12
Формовой_batch_20,Расстойка,183,208,25
Формовой_batch_8,Выпекание,187,232,45
Мини формовой_batch_2,Смешивание,189,201,12
Мини формовой_batch_3,Комбинирование,189,210,21
Формовой_batch_3,Остывание,190,280,90
Формовой_batch_19,Расстойка,191,216,25
Формовой_batch_18,Формовка,193,204,11
Формовой_batch_14,Выпекание,195,240,45
Формовой_batch_4,Остывание,198,288,90
Мини формовой_batch_2,Формовка,201,212,11
Формовой_batch_12,Смешивание,202,214,12
Формовой_batch_7,Комбинирование,202,223,21
Формовой_batch_18,Расстойка,204,229,25
Формовой_batch_20,Выпекание,208,253,45
Мини формовой_batch_3,Смешивание,210,222,12
Формовой_batch_10,Комбинирование,210,231,21
Формовой_batch_11,Остывание,211,301,90
Мини формовой_batch_2,Расстойка,212,237,25
Формовой_batch_12,Формовка,214,225,11
Формовой_batch_19,Выпекание,216,261,45
Формовой_batch_9,Остывание,219,309,90
Мини формовой_batch_3,Формовка,222,233,11
Формовой_batch_23,Комбинирование,223,244,21
Формовой_batch_7,Смешивание,223,235,12
Формовой_batch_12,Расстойка,225,250,25
Формовой_batch_18,Выпекание,229,274,45
Формовой_batch_10,Смешивание,231,243,12
Формовой_batch_22,Комбинирование,231,252,21
Формовой_batch_8,Остывание,232,322,90
Мини формовой_batch_3,Расстойка,233,258,25
Формовой_batch_7,Формовка,235,246,11
Мини формовой_batch_2,Выпекание,237,282,45
Формовой_batch_14,Остывание,240,330,90
Формовой_batch_10,Формовка,243,254,11
Формовой_batch_21,Комбинирование,244,265,21
Формовой_batch_23,Смешивание,244,256,12
Формовой_batch_7,Расстойка,246,271,25
Формовой_batch_12,Выпекание,250,295,45
Формовой_batch_22,Смешивание,252,264,12
Формовой_batch_5,Комбинирование,252,273,21
Формовой_batch_20,Остывание,253,343,90
Формовой_batch_10,Расстойка,254,279,25
Формовой_batch_23,Формовка,256,267,11
Мини формовой_batch_3,Выпекание,258,303,45
Формовой_batch_19,Остывание,261,351,90
Формовой_batch_22,Формовка,264,275,11
Формовой_batch_21,Смешивание,265,277,12
Формовой_batch_24,Комбинирование,265,286,21
Формовой_batch_23,Расстойка,267,292,25
Формовой_batch_7,Выпекание,271,316,45
Формовой_batch_5,Смешивание,273,285,12
Формовой_batch_6,Комбинирование,273,294,21
Формовой_batch_18,Остывание,274,364,90
Формовой_batch_22,Расстойка,275,300,25
Формовой_batch_21,Формовка,277,288,11
Формовой_batch_10,Выпекание,279,324,45
Мини формовой_batch_2,Остывание,282,372,90
Формовой_batch_5,Формовка,285,296,11
Формовой_batch_16,Комбинирование,286,307,21
Формовой_batch_24,Смешивание,286,298,12
Формовой_batch_21,Расстойка,288,313,25
Формовой_batch_23,Выпекание,292,337,45
Формовой_batch_1,Комбинирование,294,315,21
Формовой_batch_6,Смешивание,294,306,12
Формовой_batch_12,Остывание,295,385,90
Формовой_batch_5,Расстойка,296,321,25
Формовой_batch_24,Формовка,298,309,11
Формовой_batch_22,Выпекание,300,345,45
Мини формовой_batch_3,Остывание,303,393,90
Формовой_batch_6,Формовка,306,317,11
Мини формовой_batch_1,Комбинирование,307,328,21
Формовой_batch_16,Смешивание,307,319,12
Формовой_batch_24,Расстойка,309,334,25
Формовой_batch_21,Выпекание,313,358,45
Формовой_batch_1,Смешивание,315,327,12
Формовой_batch_15,Комбинирование,315,336,21
Формовой_batch_7,Остывание,316,406,90
Формовой_batch_6,Расстойка,317,342,25
Формовой_batch_16,Формовка,319,330,11
Формовой_batch_5,Выпекание,321,366,45
Формовой_batch_10,Остывание,324,414,90
Формовой_batch_1,Формовка,327,338,11
Мини формовой_batch_1,Смешивание,328,340,12
Формовой_batch_2,Комбинирование,328,349,21
Формовой_batch_16,Расстойка,330,355,25
Формовой_batch_24,Выпекание,334,379,45
Формовой_batch_15,Смешивание,336,348,12
Формовой_batch_17,Комбинирование,336,357,21
Формовой_batch_23,Остывание,337,427,90
Формовой_batch_1,Расстойка,338,363,25
Мини формовой_batch_1,Формовка,340,351,11
Формовой_batch_6,Выпекание,342,387,45
Формовой_batch_22,Остывание,345,435,90
Формовой_batch_15,Формовка,348,359,11
Мини формовой_batch_4,Комбинирование,349,360,11
Формовой_batch_2,Смешивание,349,361,12
Мини формовой_batch_1,Расстойка,351,376,25
Формовой_batch_16,Выпекание,355,400,45
Формовой_batch_13,Комбинирование,357,378,21
Формовой_batch_17,Смешивание,357,369,12
Формовой_batch_21,Остывание,358,448,90
Формовой_batch_15,Расстойка,359,384,25
Мини формовой_batch_4,Смешивание,360,372,12
Формовой_batch_25,Комбинирование,360,367,7
Формовой_batch_2,Формовка,361,372,11
Формовой_batch_1,Выпекание,363,408,45
Формовой_batch_5,Остывание,366,456,90
Диета_batch_4,Комбинирование,367,369,2
Формовой_batch_25,Смешивание,367,379,12
Багет новый_batch_2,Комбинирование,369,390,21
Диета_batch_4,Смешивание,369,379,10
Формовой_batch_17,Формовка,369,380,11
Мини формовой_batch_4,Формовка,372,378,6
Формовой_batch_2,Расстойка,372,397,25
Мини формовой_batch_1,Выпекание,376,421,45
Мини формовой_batch_4,Расстойка,378,403,25
Формовой_batch_13,Смешивание,378,390,12
Хлеб «Зерновой»_batch_1,Комбинирование,378,399,21
Формовой_batch_24,Остывание,379,469,90
Формовой_batch_25,Формовка,379,383,4
Диета_batch_4,Формовка,380,381,1
Формовой_batch_17,Расстойка,380,405,25
Диета_batch_4,Расстойка,381,419,38
Формовой_batch_25,Расстойка,383,408,25
Формовой_batch_15,Выпекание,384,429,45
Формовой_batch_6,Остывание,387,477,90
Баварский Деревенский Ржаной_batch_1,Комбинирование,390,393,3
Формовой_batch_13,Формовка,390,401,11
Багет новый_batch_2,Смешивание,391,401,10
Баварский Деревенский Ржаной_batch_1,Смешивание,393,403,10
Хлеб «Зерновой»_batch_2,Комбинирование,393,402,9
Формовой_batch_2,Выпекание,397,442,45
Любимый_batch_6,Комбинирование,399,420,21
Хлеб «Зерновой»_batch_1,Смешивание,399,409,10
Формовой_batch_16,Остывание,400,490,90
Формовой_batch_13,Расстойка,401,426,25
Багет новый_batch_1,Комбинирование,402,423,21
Багет новый_batch_2,Формовка,402,413,11
Хлеб «Зерновой»_batch_2,Смешивание,402,412,10
Баварский Деревенский Ржаной_batch_1,Формовка,403,405,2
Мини формовой_batch_4,Выпекание,403,448,45
Формовой_batch_17,Выпекание,405,450,45
Баварский Деревенский Ржаной_batch_1,Расстойка,407,437,30
Формовой_batch_1,Остывание,408,498,90
Формовой_batch_25,Выпекание,408,453,45
Хлеб «Зерновой»_batch_1,Формовка,409,420,11
Хлеб «Зерновой»_batch_2,Формовка,413,418,5
Багет новый_batch_2,Расстойка,418,443,25
Багет новый_batch_3,Комбинирование,420,431,11
Любимый_batch_6,Смешивание,420,430,10
Хлеб «Зерновой»_batch_1,Расстойка,420,445,25
Диета_batch_4,Выпекание,421,456,35
Мини формовой_batch_1,Остывание,421,511,90
Багет новый_batch_1,Смешивание,423,433,10
Батон Нарезной_batch_1,Комбинирование,423,444,21
Хлеб «Зерновой»_batch_2,Расстойка,423,448,25
Формовой_batch_13,Выпекание,429,474,45
Формовой_batch_15,Остывание,429,519,90
Любимый_batch_6,Формовка,430,441,11
Багет новый_batch_3,Смешивание,431,441,10
Батон Нарезной_batch_3,Комбинирование,431,452,21
Багет новый_batch_1,Формовка,433,444,11
Багет новый_batch_3,Формовка,441,447,6
Любимый_batch_6,Расстойка,441,466,25
Баварский Деревенский Ржаной_batch_1,Выпекание,442,460,18
Формовой_batch_2,Остывание,442,532,90
Багет новый_batch_1,Расстойка,444,469,25
Батон Нарезной_batch_1,Смешивание,444,454,10
Чиабатта_batch_1,Комбинирование,444,450,6
Багет новый_batch_3,Расстойка,447,472,25
Багет новый_batch_2,Выпекание,448,473,25
Мини формовой_batch_4,Остывание,448,538,90
Отрубной (общий)_batch_2,Комбинирование,450,471,21
Формовой_batch_17,Остывание,450,540,90
Хлеб «Зерновой»_batch_1,Выпекание,450,475,25
Чиабатта_batch_1,Смешивание,450,460,10
Плетенка_batch_1,Комбинирование,452,473,21
Батон Нарезной_batch_3,Смешивание,453,463,10
Формовой_batch_25,Остывание,453,543,90
Хлеб «Зерновой»_batch_2,Выпекание,453,478,25
Батон Нарезной_batch_1,Формовка,454,465,11
Диета_batch_4,Остывание,456,546,90
Баварский Деревенский Ржаной_batch_1,Остывание,460,550,90
Чиабатта_batch_1,Формовка,460,464,4
Батон Нарезной_batch_3,Формовка,464,475,11
Чиабатта_batch_1,Расстойка,464,489,25
Батон Нарезной_batch_1,Расстойка,465,490,25
Любимый_batch_6,Выпекание,466,483,17
Багет новый_batch_1,Выпекание,469,494,25
Любимый_batch_3,Комбинирование,471,492,21
Отрубной (общий)_batch_2,Смешивание,471,481,10
Багет новый_batch_2,Остывание,473,548,75
Багет новый_batch_3,Выпекание,473,498,25
Любимый_batch_4,Комбинирование,473,494,21
Плетенка_batch_1,Смешивание,473,483,10
Формовой_batch_13,Остывание,474,564,90
Батон Нарезной_batch_3,Расстойка,475,500,25
Хлеб «Зерновой»_batch_1,Остывание,475,550,75
Хлеб «Зерновой»_batch_2,Остывание,478,553,75
Отрубной (общий)_batch_2,Формовка,481,492,11
Любимый_batch_6,Остывание,483,543,60
Плетенка_batch_1,Формовка,483,494,11
Чиабатта_batch_1,Выпекание,489,514,25
Батон Нарезной_batch_1,Выпекание,490,507,17
Жайлы_batch_1,Комбинирование,492,513,21
Любимый_batch_3,Смешивание,492,502,10
Отрубной (общий)_batch_2,Расстойка,492,517,25
Багет новый_batch_1,Остывание,494,569,75
Любимый_batch_4,Смешивание,494,504,10
Плетенка_batch_1,Расстойка,494,519,25
Семейный_batch_2,Комбинирование,494,515,21
Багет новый_batch_3,Остывание,498,573,75
Батон Нарезной_batch_3,Выпекание,500,517,17
Любимый_batch_3,Формовка,502,513,11
Любимый_batch_4,Формовка,504,515,11
Батон Нарезной_batch_1,Остывание,507,567,60
Батон Нарезной_batch_2,Комбинирование,513,534,21
Жайлы_batch_1,Смешивание,513,523,10
Любимый_batch_3,Расстойка,513,538,25
Чиабатта_batch_1,Остывание,514,589,75
Любимый_batch_4,Расстойка,515,540,25
Любимый_batch_8,Комбинирование,515,536,21
Семейный_batch_2,Смешивание,515,525,10
Батон Нарезной_batch_3,Остывание,517,577,60
Отрубной (общий)_batch_2,Выпекание,517,534,17
Плетенка_batch_1,Выпекание,519,536,17
Жайлы_batch_1,Формовка,523,534,11
Семейный_batch_2,Формовка,525,536,11
Батон Нарезной_batch_2,Смешивание,534,544,10
Жайлы_batch_1,Расстойка,534,559,25
Любимый_batch_7,Комбинирование,534,555,21
Отрубной (общий)_batch_2,Остывание,534,594,60
Любимый_batch_5,Комбинирование,536,557,21
Любимый_batch_8,Смешивание,536,546,10
Плетенка_batch_1,Остывание,536,596,60
Семейный_batch_2,Расстойка,536,561,25
Любимый_batch_3,Выпекание,538,555,17
Любимый_batch_4,Выпекание,540,557,17
Батон Нарезной_batch_2,Формовка,544,555,11
Любимый_batch_8,Формовка,546,557,11
Батон Нарезной_batch_2,Расстойка,555,580,25
Любимый_batch_3,Остывание,555,615,60
Любимый_batch_7,Смешивание,555,565,10
Семейный_batch_3,Комбинирование,555,576,21
Любимый_batch_1,Комбинирование,557,578,21
Любимый_batch_4,Остывание,557,617,60
Любимый_batch_5,Смешивание,557,567,10
Любимый_batch_8,Расстойка,557,582,25
Жайлы_batch_1,Выпекание,559,576,17
Семейный_batch_2,Выпекание,561,578,17
Любимый_batch_7,Формовка,565,576,11
Любимый_batch_5,Формовка,567,578,11
Жайлы_batch_1,Остывание,576,636,60
Любимый_batch_7,Расстойка,576,601,25
Семейный_batch_1,Комбинирование,576,597,21
Семейный_batch_3,Смешивание,576,586,10
Любимый_batch_1,Смешивание,578,588,10
Любимый_batch_5,Расстойка,578,603,25
Отрубной (общий)_batch_1,Комбинирование,578,599,21
Семейный_batch_2,Остывание,578,638,60
Батон Нарезной_batch_2,Выпекание,580,597,17
Любимый_batch_8,Выпекание,582,599,17
Семейный_batch_3,Формовка,586,597,11
Любимый_batch_1,Формовка,588,599,11
Батон Нарезной_batch_2,Остывание,597,657,60
Премиум_batch_1,Комбинирование,597,599,2
Семейный_batch_1,Смешивание,597,607,10
Семейный_batch_3,Расстойка,597,622,25
Любимый_batch_1,Расстойка,599,624,25
Любимый_batch_8,Остывание,599,659,60
Отрубной (общий)_batch_1,Смешивание,599,609,10
Премиум_batch_1,Смешивание,599,609,10
Сэндвич_batch_14,Комбинирование,599,620,21
Сэндвич_batch_36,Комбинирование,599,620,21
Любимый_batch_7,Выпекание,601,618,17
Любимый_batch_5,Выпекание,603,620,17
Семейный_batch_1,Формовка,607,618,11
Премиум_batch_1,Формовка,609,610,1
Отрубной (общий)_batch_1,Формовка,610,621,11
Премиум_batch_1,Расстойка,610,635,25
Любимый_batch_7,Остывание,618,678,60
Семейный_batch_1,Расстойка,618,643,25
Булочка для хотдога штучно_batch_3,Комбинирование,620,641,21
Любимый_batch_5,Остывание,620,680,60
Сэндвич_batch_14,Смешивание,620,630,10
Сэндвич_batch_19,Комбинирование,620,641,21
Сэндвич_batch_36,Смешивание,620,630,10
Отрубной (общий)_batch_1,Расстойка,621,646,25
Семейный_batch_3,Выпекание,622,639,17
Любимый_batch_1,Выпекание,624,641,17
Сэндвич_batch_14,Формовка,630,641,11
Сэндвич_batch_36,Формовка,630,641,11
Премиум_batch_1,Выпекание,635,660,25
Семейный_batch_3,Остывание,639,699,60
Булочка для хотдога штучно_batch_3,Смешивание,641,651,10
Любимый_batch_1,Остывание,641,701,60
Сэндвич_batch_14,Расстойка,641,666,25
Сэндвич_batch_17,Комбинирование,641,662,21
Сэндвич_batch_19,Смешивание,641,651,10
Сэндвич_batch_33,Комбинирование,641,662,21
Сэндвич_batch_36,Расстойка,641,666,25
Семейный_batch_1,Выпекание,643,660,17
Отрубной (общий)_batch_1,Выпекание,646,663,17
Булочка для хотдога штучно_batch_3,Формовка,651,662,11
Сэндвич_batch_19,Формовка,651,662,11
Премиум_batch_1,Остывание,660,735,75
Семейный_batch_1,Остывание,660,720,60
Булочка для хотдога штучно_batch_3,Расстойка,662,687,25
Сэндвич_batch_17,Смешивание,662,672,10
Сэндвич_batch_19,Расстойка,662,687,25
Сэндвич_batch_21,Комбинирование,662,683,21
Сэндвич_batch_30,Комбинирование,662,683,21
Сэндвич_batch_33,Смешивание,662,672,10
Отрубной (общий)_batch_1,Остывание,663,723,60
Сэндвич_batch_14,Выпекание,666,688,22
Сэндвич_batch_36,Выпекание,666,688,22
Сэндвич_batch_17,Формовка,672,683,11
Сэндвич_batch_33,Формовка,672,683,11
Сэндвич_batch_11,Комбинирование,683,704,21
Сэндвич_batch_17,Расстойка,683,708,25
Сэндвич_batch_21,Смешивание,683,693,10
Сэндвич_batch_26,Комбинирование,683,704,21
Сэндвич_batch_30,Смешивание,683,693,10
Сэндвич_batch_33,Расстойка,683,708,25
Булочка для хотдога штучно_batch_3,Выпекание,687,709,22
Сэндвич_batch_19,Выпекание,687,709,22
Сэндвич_batch_14,Остывание,688,733,45
Сэндвич_batch_36,Остывание,688,733,45
Сэндвич_batch_21,Формовка,693,704,11
Сэндвич_batch_30,Формовка,693,704,11
Сэндвич_batch_11,Смешивание,704,714,10
Сэндвич_batch_21,Расстойка,704,729,25
Сэндвич_batch_26,Смешивание,704,714,10
Сэндвич_batch_3,Комбинирование,704,725,21
Сэндвич_batch_30,Расстойка,704,729,25
Сэндвич_batch_8,Комбинирование,704,725,21
Сэндвич_batch_17,Выпекание,708,730,22
Сэндвич_batch_33,Выпекание,708,730,22
Булочка для хотдога штучно_batch_3,Остывание,709,754,45
Сэндвич_batch_19,Остывание,709,754,45
Сэндвич_batch_11,Формовка,714,725,11
Сэндвич_batch_26,Формовка,714,725,11
Булочка для хотдога штучно_batch_2,Комбинирование,725,746,21
Сэндвич_batch_11,Расстойка,725,750,25
Сэндвич_batch_12,Комбинирование,725,746,21
Сэндвич_batch_26,Расстойка,725,750,25
Сэндвич_batch_3,Смешивание,725,735,10
Сэндвич_batch_8,Смешивание,725,735,10
Сэндвич_batch_21,Выпекание,729,751,22
Сэндвич_batch_30,Выпекание,729,751,22
Сэндвич_batch_17,Остывание,730,775,45
Сэндвич_batch_33,Остывание,730,775,45
Сэндвич_batch_3,Формовка,735,746,11
Сэндвич_batch_8,Формовка,735,746,11
Булочка для хотдога штучно_batch_2,Смешивание,746,756,10
Сэндвич_batch_12,Смешивание,746,756,10
Сэндвич_batch_20,Комбинирование,746,767,21
Сэндвич_batch_3,Расстойка,746,771,25
Сэндвич_batch_32,Комбинирование,746,767,21
Сэндвич_batch_8,Расстойка,746,771,25
Сэндвич_batch_11,Выпекание,750,772,22
Сэндвич_batch_26,Выпекание,750,772,22
Сэндвич_batch_21,Остывание,751,796,45
Сэндвич_batch_30,Остывание,751,796,45
Булочка для хотдога штучно_batch_2,Формовка,756,767,11
Сэндвич_batch_12,Формовка,756,767,11
Булочка для хотдога штучно_batch_2,Расстойка,767,792,25
Сэндвич_batch_12,Расстойка,767,792,25
Сэндвич_batch_20,Смешивание,767,777,10
Сэндвич_batch_31,Комбинирование,767,788,21
Сэндвич_batch_32,Смешивание,767,777,10
Сэндвич_batch_9,Комбинирование,767,788,21
Сэндвич_batch_3,Выпекание,771,793,22
Сэндвич_batch_8,Выпекание,771,793,22
Сэндвич_batch_11,Остывание,772,817,45
Сэндвич_batch_26,Остывание,772,817,45
Сэндвич_batch_20,Формовка,777,788,11
Сэндвич_batch_32,Формовка,777,788,11
Сэндвич_batch_18,Комбинирование,788,809,21
Сэндвич_batch_20,Расстойка,788,813,25
Сэндвич_batch_29,Комбинирование,788,809,21
Сэндвич_batch_31,Смешивание,788,798,10
Сэндвич_batch_32,Расстойка,788,813,25
Сэндвич_batch_9,Смешивание,788,798,10
Булочка для хотдога штучно_batch_2,Выпекание,792,814,22
Сэндвич_batch_12,Выпекание,792,814,22
Сэндвич_batch_3,Остывание,793,838,45
Сэндвич_batch_8,Остывание,793,838,45
Сэндвич_batch_31,Формовка,798,809,11
Сэндвич_batch_9,Формовка,798,809,11
Сэндвич_batch_18,Смешивание,809,819,10
Сэндвич_batch_27,Комбинирование,809,830,21
Сэндвич_batch_29,Смешивание,809,819,10
Сэндвич_batch_31,Расстойка,809,834,25
Сэндвич_batch_7,Комбинирование,809,830,21
Сэндвич_batch_9,Расстойка,809,834,25
Сэндвич_batch_20,Выпекание,813,835,22
Сэндвич_batch_32,Выпекание,813,835,22
Булочка для хотдога штучно_batch_2,Остывание,814,859,45
Сэндвич_batch_12,Остывание,814,859,45
Сэндвич_batch_18,Формовка,819,830,11
Сэндвич_batch_29,Формовка,819,830,11
Сэндвич_batch_18,Расстойка,830,855,25
Сэндвич_batch_25,Комбинирование,830,851,21
Сэндвич_batch_27,Смешивание,830,840,10
Сэндвич_batch_28,Комбинирование,830,851,21
Сэндвич_batch_29,Расстойка,830,855,25
Сэндвич_batch_7,Смешивание,830,840,10
Сэндвич_batch_31,Выпекание,834,856,22
Сэндвич_batch_9,Выпекание,834,856,22
Сэндвич_batch_20,Остывание,835,880,45
Сэндвич_batch_32,Остывание,835,880,45
Сэндвич_batch_27,Формовка,840,851,11
Сэндвич_batch_7,Формовка,840,851,11
Сэндвич_batch_1,Комбинирование,851,872,21
Сэндвич_batch_13,Комбинирование,851,872,21
Сэндвич_batch_25,Смешивание,851,861,10
Сэндвич_batch_27,Расстойка,851,876,25
Сэндвич_batch_28,Смешивание,851,861,10
Сэндвич_batch_7,Расстойка,851,876,25
Сэндвич_batch_18,Выпекание,855,877,22
Сэндвич_batch_29,Выпекание,855,877,22
Сэндвич_batch_31,Остывание,856,901,45
Сэндвич_batch_9,Остывание,856,901,45
Сэндвич_batch_25,Формовка,861,872,11
Сэндвич_batch_28,Формовка,861,872,11
Сэндвич_batch_1,Смешивание,872,882,10
Сэндвич_batch_13,Смешивание,872,882,10
Сэндвич_batch_15,Комбинирование,872,893,21
Сэндвич_batch_25,Расстойка,872,897,25
Сэндвич_batch_28,Расстойка,872,897,25
Сэндвич_batch_37,Комбинирование,872,893,21
Сэндвич_batch_27,Выпекание,876,898,22
Сэндвич_batch_7,Выпекание,876,898,22
Сэндвич_batch_18,Остывание,877,922,45
Сэндвич_batch_29,Остывание,877,922,45
Сэндвич_batch_1,Формовка,882,893,11
Сэндвич_batch_13,Формовка,882,893,11
Булочка для гамбургера большой с кунжутом_batch_1,Комбинирование,893,914,21
Сэндвич_batch_1,Расстойка,893,918,25
Сэндвич_batch_13,Расстойка,893,918,25
Сэндвич_batch_15,Смешивание,893,903,10
Сэндвич_batch_22,Комбинирование,893,914,21
Сэндвич_batch_37,Смешивание,893,903,10
Сэндвич_batch_25,Выпекание,897,919,22
Сэндвич_batch_28,Выпекание,897,919,22
Сэндвич_batch_27,Остывание,898,943,45
Сэндвич_batch_7,Остывание,898,943,45
Сэндвич_batch_15,Формовка,903,914,11
Сэндвич_batch_37,Формовка,903,914,11
Булочка для гамбургера большой с кунжутом_batch_1,Смешивание,914,924,10
Сэндвич_batch_15,Расстойка,914,939,25
Сэндвич_batch_22,Смешивание,914,924,10
Сэндвич_batch_34,Комбинирование,914,935,21
Сэндвич_batch_37,Расстойка,914,939,25
Сэндвич_batch_6,Комбинирование,914,935,21
Сэндвич_batch_1,Выпекание,918,940,22
Сэндвич_batch_13,Выпекание,918,940,22
Сэндвич_batch_25,Остывание,919,964,45
Сэндвич_batch_28,Остывание,919,964,45
Булочка для гамбургера большой с кунжутом_batch_1,Формовка,924,935,11
Сэндвич_batch_22,Формовка,924,935,11
Булочка для гамбургера большой с кунжутом_batch_1,Расстойка,935,960,25
Булочка для хотдога штучно_batch_1,Комбинирование,935,956,21
Сэндвич_batch_22,Расстойка,935,960,25
Сэндвич_batch_23,Комбинирование,935,956,21
Сэндвич_batch_34,Смешивание,935,945,10
Сэндвич_batch_6,Смешивание,935,945,10
Сэндвич_batch_15,Выпекание,939,961,22
Сэндвич_batch_37,Выпекание,939,961,22
Сэндвич_batch_1,Остывание,940,985,45
Сэндвич_batch_13,Остывание,940,985,45
Сэндвич_batch_34,Формовка,945,956,11
Сэндвич_batch_6,Формовка,945,956,11
Булочка для хотдога штучно_batch_1,Смешивание,956,966,10
Сэндвич_batch_16,Комбинирование,956,977,21
Сэндвич_batch_23,Смешивание,956,966,10
Сэндвич_batch_34,Расстойка,956,981,25
Сэндвич_batch_35,Комбинирование,956,977,21
Сэндвич_batch_6,Расстойка,956,981,25
Булочка для гамбургера большой с кунжутом_batch_1,Выпекание,960,982,22
Сэндвич_batch_22,Выпекание,960,982,22
Сэндвич_batch_15,Остывание,961,1006,45
Сэндвич_batch_37,Остывание,961,1006,45
Булочка для хотдога штучно_batch_1,Формовка,966,977,11
Сэндвич_batch_23,Формовка,966,977,11
Булочка для хотдога штучно_batch_1,Расстойка,977,1002,25
Сэндвич_batch_10,Комбинирование,977,998,21
Сэндвич_batch_16,Смешивание,977,987,10
Сэндвич_batch_23,Расстойка,977,1002,25
Сэндвич_batch_35,Смешивание,977,987,10
Сэндвич_batch_5,Комбинирование,977,998,21
Сэндвич_batch_34,Выпекание,981,1003,22
Сэндвич_batch_6,Выпекание,981,1003,22
Булочка для гамбургера большой с кунжутом_batch_1,Остывание,982,1027,45
Сэндвич_batch_22,Остывание,982,1027,45
Сэндвич_batch_16,Формовка,987,998,11
Сэндвич_batch_35,Формовка,987,998,11
Батон Нарезной_batch_4,Комбинирование,998,1012,14
Сэндвич_batch_16,Расстойка,998,1023,25
Сэндвич_batch_2,Комбинирование,998,1019,21
Сэндвич_batch_35,Расстойка,998,1023,25
Сэндвич_batch_5,Смешивание,998,1008,10
Сэндвич_batch_10,Смешивание,999,1009,10
Булочка для хотдога штучно_batch_1,Выпекание,1002,1024,22
Сэндвич_batch_23,Выпекание,1002,1024,22
Сэндвич_batch_34,Остывание,1003,1048,45
Сэндвич_batch_6,Остывание,1003,1048,45
Сэндвич_batch_5,Формовка,1008,1019,11
Сэндвич_batch_10,Формовка,1009,1020,11
Батон Верный_batch_1,Комбинирование,1012,1025,13
Батон Нарезной_batch_4,Смешивание,1012,1022,10
Славянский_batch_1,Комбинирование,1019,1020,1
Сэндвич_batch_2,Смешивание,1019,1029,10
Сэндвич_batch_5,Расстойка,1019,1044,25
Славянский_batch_1,Смешивание,1020,1030,10
Сэндвич_batch_10,Расстойка,1020,1045,25
Сэндвич_batch_4,Комбинирование,1020,1041,21
Батон Нарезной_batch_4,Формовка,1022,1029,7
Сэндвич_batch_16,Выпекание,1023,1045,22
Сэндвич_batch_35,Выпекание,1023,1045,22
Булочка для хотдога штучно_batch_1,Остывание,1024,1069,45
Сэндвич_batch_23,Остывание,1024,1069,45
Батон Верный_batch_1,Смешивание,1025,1035,10
Сэндвич_batch_24,Комбинирование,1025,1046,21
Батон Нарезной_batch_4,Расстойка,1029,1054,25
Сэндвич_batch_2,Формовка,1029,1040,11
Славянский_batch_1,Формовка,1030,1031,1
Славянский_batch_1,Расстойка,1031,1056,25
Батон Верный_batch_1,Формовка,1035,1042,7
Сэндвич_batch_2,Расстойка,1040,1065,25
Семейный_batch_4,Комбинирование,1041,1043,2
Сэндвич_batch_4,Смешивание,1041,1051,10
Батон Верный_batch_1,Расстойка,1042,1067,25
Булочка для гамбургера большой с кунжутом_batch_2,Комбинирование,1043,1060,17
Семейный_batch_4,Смешивание,1043,1053,10
Сэндвич_batch_5,Выпекание,1044,1066,22
Сэндвич_batch_10,Выпекание,1045,1067,22
Сэндвич_batch_16,Остывание,1045,1090,45
Сэндвич_batch_35,Остывание,1045,1090,45
Здоровье_batch_1,Комбинирование,1046,1050,4
Сэндвич_batch_24,Смешивание,1046,1056,10
Сэндвич_batch_38,Комбинирование,1050,1068,18
Здоровье_batch_1,Смешивание,1051,1061,10
Сэндвич_batch_4,Формовка,1051,1062,11
Семейный_batch_4,Формовка,1053,1054,1
Батон Нарезной_batch_4,Выпекание,1054,1071,17
Семейный_batch_4,Расстойка,1054,1079,25
Славянский_batch_1,Выпекание,1056,1073,17
Сэндвич_batch_24,Формовка,1056,1067,11
Булочка для гамбургера большой с кунжутом_batch_2,Смешивание,1060,1070,10
Любимый_batch_2,Комбинирование,1060,1081,21
Здоровье_batch_1,Формовка,1062,1065,3
Сэндвич_batch_4,Расстойка,1062,1087,25
Здоровье_batch_1,Расстойка,1065,1090,25
Сэндвич_batch_2,Выпекание,1065,1087,22
Сэндвич_batch_5,Остывание,1066,1111,45
Батон Верный_batch_1,Выпекание,1067,1084,17
Сэндвич_batch_10,Остывание,1067,1112,45
Сэндвич_batch_24,Расстойка,1067,1092,25
Отрубной (общий)_batch_3,Комбинирование,1068,1078,10
Сэндвич_batch_38,Смешивание,1068,1078,10
Булочка для гамбургера большой с кунжутом_batch_2,Формовка,1070,1079,9
Батон Нарезной_batch_4,Остывание,1071,1131,60
Любимый_batch_9,Комбинирование,1078,1085,7
Отрубной (общий)_batch_3,Смешивание,1078,1088,10
Сэндвич_batch_38,Формовка,1078,1088,10
Булочка для гамбургера большой с кунжутом_batch_2,Расстойка,1079,1104,25
Семейный_batch_4,Выпекание,1079,1096,17
Любимый_batch_2,Смешивание,1081,1091,10
Плетенка_batch_2,Комбинирование,1081,1087,6
Батон Верный_batch_1,Остывание,1084,1144,60
Береке_batch_2,Комбинирование,1085,1096,11
Любимый_batch_9,Смешивание,1085,1095,10
Зерновой Столичный_batch_1,Комбинирование,1087,1091,4
Сэндвич_batch_2,Остывание,1087,1132,45
Сэндвич_batch_4,Выпекание,1087,1109,22
Отрубной (общий)_batch_3,Формовка,1088,1093,5
Плетенка_batch_2,Смешивание,1088,1098,10
Сэндвич_batch_38,Расстойка,1088,1113,25
Здоровье_batch_1,Выпекание,1090,1108,18
Береке_batch_1,Комбинирование,1091,1112,21
Зерновой Столичный_batch_1,Смешивание,1091,1101,10
Любимый_batch_2,Формовка,1091,1102,11
Сэндвич_batch_24,Выпекание,1092,1114,22
Отрубной (общий)_batch_3,Расстойка,1093,1118,25
Любимый_batch_9,Формовка,1095,1099,4
Береке_batch_2,Смешивание,1096,1106,10
Домашний_batch_1,Комбинирование,1096,1099,3
Домашний_batch_1,Смешивание,1099,1109,10
Жайлы_batch_2,Комбинирование,1099,1106,7
Любимый_batch_9,Расстойка,1099,1124,25
Плетенка_batch_2,Формовка,1099,1102,3
Зерновой Столичный_batch_1,Формовка,1102,1104,2
Любимый_batch_2,Расстойка,1102,1127,25
Плетенка_batch_2,Расстойка,1102,1127,25
Булочка для гамбургера большой с кунжутом_batch_2,Выпекание,1104,1126,22
Зерновой Столичный_batch_1,Расстойка,1104,1129,25
Береке_batch_2,Формовка,1106,1112,6
Датский_batch_1,Комбинирование,1106,1113,7
Жайлы_batch_2,Смешивание,1106,1116,10
Домашний_batch_1,Формовка,1109,1111,2
Сэндвич_batch_4,Остывание,1109,1154,45
Домашний_batch_1,Расстойка,1111,1136,25
Береке_batch_1,Смешивание,1112,1122,10
Хлеб «Тартин бездрожжевой»_batch_1,Комбинирование,1112,1115,3
Береке_batch_2,Расстойка,1113,1133,20
Булочка для хотдога штучно_batch_4,Комбинирование,1113,1122,9
Датский_batch_1,Смешивание,1113,1123,10
Сэндвич_batch_38,Выпекание,1113,1135,22
Сэндвич_batch_24,Остывание,1114,1159,45
Багет отрубной_batch_1,Комбинирование,1115,1126,11
Жайлы_batch_2,Формовка,1116,1120,4
Хлеб «Тартин бездрожжевой»_batch_1,Смешивание,1116,1126,10
Отрубной (общий)_batch_3,Выпекание,1118,1135,17
Жайлы_batch_2,Расстойка,1120,1145,25
Багет луковый_batch_1,Комбинирование,1122,1132,10
Береке_batch_1,Формовка,1122,1133,11
Булочка для хотдога штучно_batch_4,Смешивание,1122,1132,10
Датский_batch_1,Формовка,1123,1127,4
Любимый_batch_9,Выпекание,1124,1141,17
Багет отрубной_batch_1,Смешивание,1126,1136,10
Булочка для гамбургера большой с кунжутом_batch_2,Остывание,1126,1171,45
Датский_batch_1,Расстойка,1127,1152,25
Любимый_batch_2,Выпекание,1127,1144,17
Плетенка_batch_2,Выпекание,1127,1144,17
Хлеб «Тартин бездрожжевой»_batch_1,Формовка,1127,1129,2
Зерновой Столичный_batch_1,Выпекание,1129,1146,17
Хлеб «Тартин бездрожжевой»_batch_1,Расстойка,1131,1151,20
Багет луковый_batch_1,Смешивание,1132,1142,10
Булочка для хотдога штучно_batch_4,Формовка,1132,1137,5
Береке_batch_1,Расстойка,1133,1153,20
Береке_batch_2,Выпекание,1135,1151,16
Отрубной (общий)_batch_3,Остывание,1135,1195,60
Сэндвич_batch_38,Остывание,1135,1180,45
Багет отрубной_batch_1,Формовка,1136,1142,6
Домашний_batch_1,Выпекание,1136,1153,17
Булочка для хотдога штучно_batch_4,Расстойка,1137,1162,25
Любимый_batch_9,Остывание,1141,1201,60
Багет луковый_batch_1,Формовка,1142,1147,5
Багет отрубной_batch_1,Расстойка,1142,1167,25
Любимый_batch_2,Остывание,1144,1204,60
Плетенка_batch_2,Остывание,1144,1204,60
Жайлы_batch_2,Выпекание,1145,1162,17
Багет луковый_batch_1,Расстойка,1147,1167,20
Береке_batch_2,Остывание,1151,1211,60
Датский_batch_1,Выпекание,1152,1169,17
Хлеб «Тартин бездрожжевой»_batch_1,Выпекание,1152,1168,16
Береке_batch_1,Выпекание,1153,1169,16
Домашний_batch_1,Остывание,1153,1213,60
Семейный_batch_4,Остывание,1158,1218,60
Здоровье_batch_1,Остывание,1159,1219,60
Славянский_batch_1,Остывание,1160,1220,60
Булочка для хотдога штучно_batch_4,Выпекание,1162,1184,22
Жайлы_batch_2,Остывание,1162,1222,60
Зерновой Столичный_batch_1,Остывание,1166,1226,60
Багет луковый_batch_1,Выпекание,1167,1185,18
Багет отрубной_batch_1,Выпекание,1167,1185,18
Хлеб «Тартин бездрожжевой»_batch_1,Остывание,1168,1228,60
Береке_batch_1,Остывание,1169,1229,60
Датский_batch_1,Остывание,1169,1229,60
Булочка для хотдога штучно_batch_4,Остывание,1184,1229,45
Багет луковый_batch_1,Остывание,1185,1230,45
Багет отрубной_batch_1,Остывание,1185,1230,45
