Batch_ID,Stage,Start_Time_Min,End_Time_Min,Duration_Min
Багет новый_batch_36,Комбинирование,0,21,21
Багет новый_batch_37,Комбинирование,0,1,1
Багет новый_batch_37,Смешивание,1,11,10
Багет отрубной_batch_38,Комбинирование,1,14,13
Багет новый_batch_37,Формовка,11,12,1
Багет новый_batch_37,Расстойка,12,37,25
Багет отрубной_batch_38,Смешивание,14,24,10
Премиум_batch_39,Комбинирование,14,18,4
Батон Верный_batch_40,Комбинирование,18,29,11
Премиум_batch_39,Смешивание,18,28,10
Багет новый_batch_36,Смешивание,21,31,10
Батон Нарезной_batch_41,Комбинирование,21,42,21
Багет отрубной_batch_38,Формовка,24,31,7
Премиум_batch_39,Формовка,28,30,2
Батон Верный_batch_40,Смешивание,29,39,10
Батон Нарезной_batch_42,Комбинирование,29,50,21
Премиум_batch_39,Расстойка,30,55,25
Багет новый_batch_36,Формовка,31,42,11
Багет отрубной_batch_38,Расстойка,31,56,25
Багет новый_batch_37,Выпекание,37,62,25
Батон Верный_batch_40,Формовка,39,45,6
Багет новый_batch_36,Расстойка,42,67,25
Батон Нарезной_batch_41,Смешивание,42,52,10
Батон Нарезной_batch_43,Комбинирование,42,63,21
Батон Верный_batch_40,Расстойка,45,70,25
Батон Нарезной_batch_42,Смешивание,50,60,10
Батон Нарезной_batch_44,Комбинирование,50,58,8
Батон Нарезной_batch_41,Формовка,52,63,11
Премиум_batch_39,Выпекание,55,80,25
Багет отрубной_batch_38,Выпекание,56,74,18
Батон Нарезной_batch_44,Смешивание,58,68,10
Береке_batch_45,Комбинирование,58,79,21
Батон Нарезной_batch_42,Формовка,60,71,11
Багет новый_batch_37,Остывание,62,137,75
Батон Нарезной_batch_41,Расстойка,63,88,25
Батон Нарезной_batch_43,Смешивание,63,73,10
Береке_batch_46,Комбинирование,63,78,15
Багет новый_batch_36,Выпекание,67,92,25
Батон Нарезной_batch_44,Формовка,68,72,4
Батон Верный_batch_40,Выпекание,70,87,17
Батон Нарезной_batch_42,Расстойка,71,96,25
Батон Нарезной_batch_44,Расстойка,72,97,25
Батон Нарезной_batch_43,Формовка,73,84,11
Багет отрубной_batch_38,Остывание,74,119,45
Береке_batch_46,Смешивание,78,88,10
Жайлы_batch_47,Комбинирование,78,99,21
Береке_batch_45,Смешивание,79,89,10
Жайлы_batch_48,Комбинирование,79,93,14
Премиум_batch_39,Остывание,80,155,75
Батон Нарезной_batch_43,Расстойка,84,109,25
Батон Верный_batch_40,Остывание,87,147,60
Батон Нарезной_batch_41,Выпекание,88,105,17
Береке_batch_46,Формовка,88,96,8
Береке_batch_45,Формовка,89,100,11
Багет новый_batch_36,Остывание,92,167,75
Датский_batch_49,Комбинирование,93,100,7
Жайлы_batch_48,Смешивание,93,103,10
Батон Нарезной_batch_42,Выпекание,96,113,17
Береке_batch_46,Расстойка,96,116,20
Батон Нарезной_batch_44,Выпекание,97,114,17
Баварский Деревенский Ржаной_batch_50,Комбинирование,99,102,3
Жайлы_batch_47,Смешивание,99,109,10
Береке_batch_45,Расстойка,100,120,20
Датский_batch_49,Смешивание,100,110,10
Диета_batch_51,Комбинирование,100,121,21
Диета_batch_52,Комбинирование,102,123,21
Баварский Деревенский Ржаной_batch_50,Смешивание,103,113,10
Жайлы_batch_48,Формовка,103,111,8
Батон Нарезной_batch_41,Остывание,105,165,60
Батон Нарезной_batch_43,Выпекание,109,126,17
Жайлы_batch_47,Формовка,109,120,11
Датский_batch_49,Формовка,111,115,4
Жайлы_batch_48,Расстойка,111,136,25
Батон Нарезной_batch_42,Остывание,113,173,60
Батон Нарезной_batch_44,Остывание,114,174,60
Баварский Деревенский Ржаной_batch_50,Формовка,115,117,2
Датский_batch_49,Расстойка,115,140,25
Береке_batch_46,Выпекание,116,132,16
Баварский Деревенский Ржаной_batch_50,Расстойка,117,147,30
Береке_batch_45,Выпекание,120,136,16
Жайлы_batch_47,Расстойка,120,145,25
Диета_batch_51,Смешивание,121,131,10
Диета_batch_53,Комбинирование,121,142,21
Диета_batch_52,Смешивание,123,133,10
Диета_batch_54,Комбинирование,123,132,9
Батон Нарезной_batch_43,Остывание,126,186,60
Диета_batch_51,Формовка,131,142,11
Береке_batch_46,Остывание,132,192,60
Диета_batch_54,Смешивание,132,142,10
Здоровье_batch_55,Комбинирование,132,136,4
Диета_batch_52,Формовка,133,144,11
Береке_batch_45,Остывание,136,196,60
Жайлы_batch_48,Выпекание,136,153,17
Здоровье_batch_55,Смешивание,136,146,10
Семейный_batch_56,Комбинирование,136,157,21
Датский_batch_49,Выпекание,140,157,17
Диета_batch_51,Расстойка,142,180,38
Диета_batch_53,Смешивание,142,152,10
Диета_batch_54,Формовка,142,147,5
Семейный_batch_57,Комбинирование,142,163,21
Диета_batch_52,Расстойка,144,182,38
Жайлы_batch_47,Выпекание,145,162,17
Здоровье_batch_55,Формовка,146,148,2
Баварский Деревенский Ржаной_batch_50,Выпекание,147,165,18
Диета_batch_54,Расстойка,147,185,38
Здоровье_batch_55,Расстойка,148,173,25
Диета_batch_53,Формовка,152,163,11
Жайлы_batch_48,Остывание,153,213,60
Датский_batch_49,Остывание,157,217,60
Семейный_batch_56,Смешивание,157,167,10
Семейный_batch_58,Комбинирование,157,178,21
Жайлы_batch_47,Остывание,162,222,60
Диета_batch_53,Расстойка,163,201,38
Семейный_batch_57,Смешивание,163,173,10
Семейный_batch_59,Комбинирование,163,171,8
Баварский Деревенский Ржаной_batch_50,Остывание,165,255,90
Семейный_batch_56,Формовка,167,178,11
Семейный_batch_59,Смешивание,171,181,10
Славянский_batch_60,Комбинирование,171,173,2
Здоровье_batch_55,Выпекание,173,191,18
Немецкий хлеб_batch_61,Комбинирование,173,175,2
Семейный_batch_57,Формовка,173,184,11
Славянский_batch_60,Смешивание,173,183,10
Зерновой Столичный_batch_62,Комбинирование,175,178,3
Немецкий хлеб_batch_61,Смешивание,175,185,10
Булочка для гамбургера большой с кунжутом_batch_63,Комбинирование,178,199,21
Булочка для гамбургера большой с кунжутом_batch_64,Комбинирование,178,199,21
Семейный_batch_56,Расстойка,178,203,25
Диета_batch_51,Выпекание,180,215,35
Семейный_batch_58,Смешивание,181,191,10
Семейный_batch_59,Формовка,181,185,4
Диета_batch_52,Выпекание,182,217,35
Зерновой Столичный_batch_62,Смешивание,183,193,10
Семейный_batch_57,Расстойка,184,209,25
Славянский_batch_60,Формовка,184,185,1
Диета_batch_54,Выпекание,185,220,35
Немецкий хлеб_batch_61,Формовка,185,186,1
Семейный_batch_59,Расстойка,185,210,25
Славянский_batch_60,Расстойка,185,210,25
Немецкий хлеб_batch_61,Расстойка,186,211,25
Здоровье_batch_55,Остывание,191,251,60
Семейный_batch_58,Формовка,191,202,11
Зерновой Столичный_batch_62,Формовка,193,195,2
Зерновой Столичный_batch_62,Расстойка,195,220,25
Булочка для гамбургера большой с кунжутом_batch_63,Смешивание,199,209,10
Булочка для гамбургера большой с кунжутом_batch_64,Смешивание,199,209,10
Булочка для гамбургера большой с кунжутом_batch_65,Комбинирование,199,220,21
Булочка для гамбургера большой с кунжутом_batch_66,Комбинирование,199,220,21
Диета_batch_53,Выпекание,201,236,35
Семейный_batch_58,Расстойка,202,227,25
Семейный_batch_56,Выпекание,203,220,17
Булочка для гамбургера большой с кунжутом_batch_63,Формовка,209,220,11
Булочка для гамбургера большой с кунжутом_batch_64,Формовка,209,220,11
Семейный_batch_57,Выпекание,209,226,17
Диета_batch_51,Остывание,215,305,90
Семейный_batch_59,Выпекание,215,232,17
Диета_batch_52,Остывание,217,307,90
Славянский_batch_60,Выпекание,217,234,17
Булочка для гамбургера большой с кунжутом_batch_63,Расстойка,220,245,25
Булочка для гамбургера большой с кунжутом_batch_64,Расстойка,220,245,25
Булочка для гамбургера большой с кунжутом_batch_65,Смешивание,220,230,10
Булочка для гамбургера большой с кунжутом_batch_66,Смешивание,220,230,10
Булочка для гамбургера большой с кунжутом_batch_67,Комбинирование,220,241,21
Булочка для гамбургера большой с кунжутом_batch_68,Комбинирование,220,241,21
Диета_batch_54,Остывание,220,310,90
Зерновой Столичный_batch_62,Выпекание,220,237,17
Немецкий хлеб_batch_61,Выпекание,220,245,25
Семейный_batch_56,Остывание,220,280,60
Семейный_batch_57,Остывание,226,286,60
Семейный_batch_58,Выпекание,227,244,17
Булочка для гамбургера большой с кунжутом_batch_65,Формовка,230,241,11
Булочка для гамбургера большой с кунжутом_batch_66,Формовка,230,241,11
Семейный_batch_59,Остывание,232,292,60
Славянский_batch_60,Остывание,234,294,60
Диета_batch_53,Остывание,236,326,90
Зерновой Столичный_batch_62,Остывание,237,297,60
Булочка для гамбургера большой с кунжутом_batch_65,Расстойка,241,266,25
Булочка для гамбургера большой с кунжутом_batch_66,Расстойка,241,266,25
Булочка для гамбургера большой с кунжутом_batch_67,Смешивание,241,251,10
Булочка для гамбургера большой с кунжутом_batch_68,Смешивание,241,251,10
Булочка для гамбургера большой с кунжутом_batch_69,Комбинирование,241,262,21
Булочка для гамбургера большой с кунжутом_batch_70,Комбинирование,241,262,21
Семейный_batch_58,Остывание,244,304,60
Булочка для гамбургера большой с кунжутом_batch_63,Выпекание,245,267,22
Булочка для гамбургера большой с кунжутом_batch_64,Выпекание,245,267,22
Немецкий хлеб_batch_61,Остывание,245,320,75
Булочка для гамбургера большой с кунжутом_batch_67,Формовка,251,262,11
Булочка для гамбургера большой с кунжутом_batch_68,Формовка,251,262,11
Булочка для гамбургера большой с кунжутом_batch_67,Расстойка,262,287,25
Булочка для гамбургера большой с кунжутом_batch_68,Расстойка,262,287,25
Булочка для гамбургера большой с кунжутом_batch_69,Смешивание,262,272,10
Булочка для гамбургера большой с кунжутом_batch_70,Смешивание,262,272,10
Булочка для гамбургера большой с кунжутом_batch_71,Комбинирование,262,283,21
Булочка для гамбургера большой с кунжутом_batch_72,Комбинирование,262,283,21
Булочка для гамбургера большой с кунжутом_batch_65,Выпекание,266,288,22
Булочка для гамбургера большой с кунжутом_batch_66,Выпекание,266,288,22
Булочка для гамбургера большой с кунжутом_batch_63,Остывание,267,312,45
Булочка для гамбургера большой с кунжутом_batch_64,Остывание,267,312,45
Булочка для гамбургера большой с кунжутом_batch_69,Формовка,272,283,11
Булочка для гамбургера большой с кунжутом_batch_70,Формовка,272,283,11
Булочка для гамбургера большой с кунжутом_batch_69,Расстойка,283,308,25
Булочка для гамбургера большой с кунжутом_batch_70,Расстойка,283,308,25
Булочка для гамбургера большой с кунжутом_batch_71,Смешивание,283,293,10
Булочка для гамбургера большой с кунжутом_batch_72,Смешивание,283,293,10
Булочка для гамбургера большой с кунжутом_batch_73,Комбинирование,283,304,21
Булочка для гамбургера большой с кунжутом_batch_74,Комбинирование,283,304,21
Булочка для гамбургера большой с кунжутом_batch_67,Выпекание,287,309,22
Булочка для гамбургера большой с кунжутом_batch_68,Выпекание,287,309,22
Булочка для гамбургера большой с кунжутом_batch_65,Остывание,288,333,45
Булочка для гамбургера большой с кунжутом_batch_66,Остывание,288,333,45
Булочка для гамбургера большой с кунжутом_batch_71,Формовка,293,304,11
Булочка для гамбургера большой с кунжутом_batch_72,Формовка,293,304,11
Булочка для гамбургера большой с кунжутом_batch_71,Расстойка,304,329,25
Булочка для гамбургера большой с кунжутом_batch_72,Расстойка,304,329,25
Булочка для гамбургера большой с кунжутом_batch_73,Смешивание,304,314,10
Булочка для гамбургера большой с кунжутом_batch_74,Смешивание,304,314,10
Булочка для гамбургера большой с кунжутом_batch_75,Комбинирование,304,325,21
Булочка для гамбургера большой с кунжутом_batch_76,Комбинирование,304,325,21
Булочка для гамбургера большой с кунжутом_batch_69,Выпекание,308,330,22
Булочка для гамбургера большой с кунжутом_batch_70,Выпекание,308,330,22
Булочка для гамбургера большой с кунжутом_batch_67,Остывание,309,354,45
Булочка для гамбургера большой с кунжутом_batch_68,Остывание,309,354,45
Булочка для гамбургера большой с кунжутом_batch_73,Формовка,314,325,11
Булочка для гамбургера большой с кунжутом_batch_74,Формовка,314,325,11
Булочка для гамбургера большой с кунжутом_batch_73,Расстойка,325,350,25
Булочка для гамбургера большой с кунжутом_batch_74,Расстойка,325,350,25
Булочка для гамбургера большой с кунжутом_batch_75,Смешивание,325,335,10
Булочка для гамбургера большой с кунжутом_batch_76,Смешивание,325,335,10
Булочка для гамбургера большой с кунжутом_batch_77,Комбинирование,325,346,21
Булочка для гамбургера большой с кунжутом_batch_78,Комбинирование,325,332,7
Булочка для гамбургера большой с кунжутом_batch_71,Выпекание,329,351,22
Булочка для гамбургера большой с кунжутом_batch_72,Выпекание,329,351,22
Булочка для гамбургера большой с кунжутом_batch_69,Остывание,330,375,45
Булочка для гамбургера большой с кунжутом_batch_70,Остывание,330,375,45
Булочка для гамбургера большой с кунжутом_batch_78,Смешивание,332,342,10
Булочка для хотдога штучно_batch_79,Комбинирование,332,353,21
Булочка для гамбургера большой с кунжутом_batch_75,Формовка,335,346,11
Булочка для гамбургера большой с кунжутом_batch_76,Формовка,335,346,11
Булочка для гамбургера большой с кунжутом_batch_75,Расстойка,346,371,25
Булочка для гамбургера большой с кунжутом_batch_76,Расстойка,346,371,25
Булочка для гамбургера большой с кунжутом_batch_77,Смешивание,346,356,10
Булочка для гамбургера большой с кунжутом_batch_78,Формовка,346,350,4
Булочка для хотдога штучно_batch_80,Комбинирование,346,367,21
Булочка для гамбургера большой с кунжутом_batch_73,Выпекание,350,372,22
Булочка для гамбургера большой с кунжутом_batch_74,Выпекание,350,372,22
Булочка для гамбургера большой с кунжутом_batch_78,Расстойка,350,375,25
Булочка для гамбургера большой с кунжутом_batch_71,Остывание,351,396,45
Булочка для гамбургера большой с кунжутом_batch_72,Остывание,351,396,45
Булочка для хотдога штучно_batch_79,Смешивание,353,363,10
Плетенка_batch_81,Комбинирование,353,374,21
Булочка для гамбургера большой с кунжутом_batch_77,Формовка,356,367,11
Булочка для хотдога штучно_batch_79,Формовка,363,374,11
Булочка для гамбургера большой с кунжутом_batch_77,Расстойка,367,392,25
Булочка для хотдога штучно_batch_80,Смешивание,367,377,10
Плетенка_batch_82,Комбинирование,367,376,9
Булочка для гамбургера большой с кунжутом_batch_75,Выпекание,371,393,22
Булочка для гамбургера большой с кунжутом_batch_76,Выпекание,371,393,22
Булочка для гамбургера большой с кунжутом_batch_73,Остывание,372,417,45
Булочка для гамбургера большой с кунжутом_batch_74,Остывание,372,417,45
Булочка для хотдога штучно_batch_79,Расстойка,374,399,25
Плетенка_batch_81,Смешивание,374,384,10
Сэндвич_batch_83,Комбинирование,374,395,21
Булочка для гамбургера большой с кунжутом_batch_78,Выпекание,375,397,22
Плетенка_batch_82,Смешивание,376,386,10
Сэндвич_batch_84,Комбинирование,376,397,21
Булочка для хотдога штучно_batch_80,Формовка,377,388,11
Плетенка_batch_81,Формовка,384,395,11
Булочка для хотдога штучно_batch_80,Расстойка,388,413,25
Плетенка_batch_82,Формовка,388,393,5
Булочка для гамбургера большой с кунжутом_batch_77,Выпекание,392,414,22
Булочка для гамбургера большой с кунжутом_batch_75,Остывание,393,438,45
Булочка для гамбургера большой с кунжутом_batch_76,Остывание,393,438,45
Плетенка_batch_82,Расстойка,393,418,25
Плетенка_batch_81,Расстойка,395,420,25
Сэндвич_batch_83,Смешивание,395,405,10
Сэндвич_batch_85,Комбинирование,395,416,21
Булочка для гамбургера большой с кунжутом_batch_78,Остывание,397,442,45
Сэндвич_batch_84,Смешивание,397,407,10
Сэндвич_batch_86,Комбинирование,397,418,21
Булочка для хотдога штучно_batch_79,Выпекание,399,421,22
Сэндвич_batch_83,Формовка,405,416,11
Сэндвич_batch_84,Формовка,407,418,11
Булочка для хотдога штучно_batch_80,Выпекание,413,435,22
Булочка для гамбургера большой с кунжутом_batch_77,Остывание,414,459,45
Сэндвич_batch_83,Расстойка,416,441,25
Сэндвич_batch_85,Смешивание,416,426,10
Сэндвич_batch_87,Комбинирование,416,437,21
Плетенка_batch_82,Выпекание,418,435,17
Сэндвич_batch_84,Расстойка,418,443,25
Сэндвич_batch_86,Смешивание,418,428,10
Сэндвич_batch_88,Комбинирование,418,439,21
Плетенка_batch_81,Выпекание,420,437,17
Булочка для хотдога штучно_batch_79,Остывание,421,466,45
Сэндвич_batch_85,Формовка,426,437,11
Сэндвич_batch_86,Формовка,428,439,11
Булочка для хотдога штучно_batch_80,Остывание,435,480,45
Плетенка_batch_82,Остывание,435,495,60
Плетенка_batch_81,Остывание,437,497,60
Сэндвич_batch_85,Расстойка,437,462,25
Сэндвич_batch_87,Смешивание,437,447,10
Сэндвич_batch_89,Комбинирование,437,458,21
Сэндвич_batch_86,Расстойка,439,464,25
Сэндвич_batch_88,Смешивание,439,449,10
Сэндвич_batch_90,Комбинирование,439,460,21
Сэндвич_batch_83,Выпекание,441,463,22
Сэндвич_batch_84,Выпекание,443,465,22
Сэндвич_batch_87,Формовка,447,458,11
Сэндвич_batch_88,Формовка,449,460,11
Сэндвич_batch_87,Расстойка,458,483,25
Сэндвич_batch_89,Смешивание,458,468,10
Сэндвич_batch_91,Комбинирование,458,479,21
Сэндвич_batch_88,Расстойка,460,485,25
Сэндвич_batch_90,Смешивание,460,470,10
Сэндвич_batch_92,Комбинирование,460,481,21
Сэндвич_batch_85,Выпекание,462,484,22
Сэндвич_batch_83,Остывание,463,508,45
Сэндвич_batch_86,Выпекание,464,486,22
Сэндвич_batch_84,Остывание,465,510,45
Сэндвич_batch_89,Формовка,468,479,11
Сэндвич_batch_90,Формовка,470,481,11
Сэндвич_batch_89,Расстойка,479,504,25
Сэндвич_batch_91,Смешивание,479,489,10
Сэндвич_batch_93,Комбинирование,479,500,21
Сэндвич_batch_90,Расстойка,481,506,25
Сэндвич_batch_92,Смешивание,481,491,10
Сэндвич_batch_94,Комбинирование,481,502,21
Сэндвич_batch_87,Выпекание,483,505,22
Сэндвич_batch_85,Остывание,484,529,45
Сэндвич_batch_88,Выпекание,485,507,22
Сэндвич_batch_86,Остывание,486,531,45
Сэндвич_batch_91,Формовка,489,500,11
Сэндвич_batch_92,Формовка,491,502,11
Сэндвич_batch_91,Расстойка,500,525,25
Сэндвич_batch_93,Смешивание,500,510,10
Сэндвич_batch_95,Комбинирование,500,521,21
Сэндвич_batch_92,Расстойка,502,527,25
Сэндвич_batch_94,Смешивание,502,512,10
Сэндвич_batch_96,Комбинирование,502,515,13
Сэндвич_batch_89,Выпекание,504,526,22
Сэндвич_batch_87,Остывание,505,550,45
Сэндвич_batch_90,Выпекание,506,528,22
Сэндвич_batch_88,Остывание,507,552,45
Сэндвич_batch_93,Формовка,510,521,11
Сэндвич_batch_94,Формовка,512,523,11
Сэндвич_batch_96,Смешивание,515,525,10
Хлеб «Тартин бездрожжевой»_batch_97,Комбинирование,515,518,3
Хлеб «Зерновой»_batch_98,Комбинирование,518,539,21
Хлеб «Тартин бездрожжевой»_batch_97,Смешивание,518,528,10
Сэндвич_batch_93,Расстойка,521,546,25
Сэндвич_batch_95,Смешивание,521,531,10
Хлеб «Зерновой»_batch_99,Комбинирование,521,534,13
Сэндвич_batch_94,Расстойка,523,548,25
Сэндвич_batch_91,Выпекание,525,547,22
Сэндвич_batch_96,Формовка,525,532,7
Сэндвич_batch_89,Остывание,526,571,45
Сэндвич_batch_92,Выпекание,527,549,22
Сэндвич_batch_90,Остывание,528,573,45
Хлеб «Тартин бездрожжевой»_batch_97,Формовка,528,530,2
Хлеб «Тартин бездрожжевой»_batch_97,Расстойка,530,550,20
Сэндвич_batch_95,Формовка,531,542,11
Сэндвич_batch_96,Расстойка,532,557,25
Хлеб «Зерновой»_batch_99,Смешивание,534,544,10
Чиабатта_batch_100,Комбинирование,534,538,4
Бородинский_batch_31,Комбинирование,538,549,11
Чиабатта_batch_100,Смешивание,538,548,10
Домашний_batch_32,Комбинирование,539,542,3
Хлеб «Зерновой»_batch_98,Смешивание,539,549,10
Багет луковый_batch_33,Комбинирование,542,554,12
Сэндвич_batch_95,Расстойка,542,567,25
Домашний_batch_32,Смешивание,544,554,10
Хлеб «Зерновой»_batch_99,Формовка,544,551,7
Сэндвич_batch_93,Выпекание,546,568,22
Сэндвич_batch_91,Остывание,547,592,45
Сэндвич_batch_94,Выпекание,548,570,22
Чиабатта_batch_100,Формовка,548,550,2
Багет новый_batch_34,Комбинирование,549,570,21
Бородинский_batch_31,Смешивание,549,559,10
Сэндвич_batch_92,Остывание,549,594,45
Хлеб «Зерновой»_batch_98,Формовка,550,561,11
Хлеб «Тартин бездрожжевой»_batch_97,Выпекание,550,566,16
Чиабатта_batch_100,Расстойка,550,575,25
Хлеб «Зерновой»_batch_99,Расстойка,551,576,25
Багет луковый_batch_33,Смешивание,554,564,10
Багет новый_batch_35,Комбинирование,554,575,21
Домашний_batch_32,Формовка,554,556,2
Домашний_batch_32,Расстойка,556,581,25
Сэндвич_batch_96,Выпекание,557,579,22
Бородинский_batch_31,Формовка,559,565,6
Хлеб «Зерновой»_batch_98,Расстойка,561,586,25
Багет луковый_batch_33,Формовка,564,571,7
Бородинский_batch_31,Расстойка,565,585,20
Хлеб «Тартин бездрожжевой»_batch_97,Остывание,566,626,60
Сэндвич_batch_95,Выпекание,567,589,22
Сэндвич_batch_93,Остывание,568,613,45
Багет новый_batch_34,Смешивание,570,580,10
Сэндвич_batch_94,Остывание,570,615,45
Формовой_batch_8,Комбинирование,570,591,21
Багет луковый_batch_33,Расстойка,571,591,20
Багет новый_batch_35,Смешивание,575,585,10
Формовой_batch_9,Комбинирование,575,596,21
Чиабатта_batch_100,Выпекание,575,600,25
Хлеб «Зерновой»_batch_99,Выпекание,576,601,25
Сэндвич_batch_96,Остывание,579,624,45
Багет новый_batch_34,Формовка,580,591,11
Домашний_batch_32,Выпекание,581,598,17
Багет новый_batch_35,Формовка,585,596,11
Бородинский_batch_31,Выпекание,585,640,55
Хлеб «Зерновой»_batch_98,Выпекание,586,611,25
Сэндвич_batch_95,Остывание,589,634,45
Багет луковый_batch_33,Выпекание,591,609,18
Багет новый_batch_34,Расстойка,591,616,25
Формовой_batch_10,Комбинирование,591,612,21
Формовой_batch_8,Смешивание,591,603,12
Багет новый_batch_35,Расстойка,596,621,25
Формовой_batch_11,Комбинирование,596,617,21
Формовой_batch_9,Смешивание,596,608,12
Домашний_batch_32,Остывание,598,658,60
Чиабатта_batch_100,Остывание,600,675,75
Хлеб «Зерновой»_batch_99,Остывание,601,676,75
Формовой_batch_8,Формовка,603,614,11
Формовой_batch_9,Формовка,608,619,11
Багет луковый_batch_33,Остывание,609,654,45
Хлеб «Зерновой»_batch_98,Остывание,611,686,75
Формовой_batch_10,Смешивание,612,624,12
Формовой_batch_12,Комбинирование,612,633,21
Формовой_batch_8,Расстойка,614,639,25
Багет новый_batch_34,Выпекание,616,641,25
Формовой_batch_11,Смешивание,617,629,12
Формовой_batch_13,Комбинирование,617,638,21
Формовой_batch_9,Расстойка,619,644,25
Багет новый_batch_35,Выпекание,621,646,25
Формовой_batch_10,Формовка,624,635,11
Формовой_batch_11,Формовка,629,640,11
Формовой_batch_12,Смешивание,633,645,12
Формовой_batch_14,Комбинирование,633,654,21
Формовой_batch_10,Расстойка,635,660,25
Формовой_batch_13,Смешивание,638,650,12
Формовой_batch_15,Комбинирование,638,659,21
Формовой_batch_8,Выпекание,639,684,45
Бородинский_batch_31,Остывание,640,760,120
Формовой_batch_11,Расстойка,640,665,25
Багет новый_batch_34,Остывание,641,716,75
Формовой_batch_9,Выпекание,644,689,45
Формовой_batch_12,Формовка,645,656,11
Багет новый_batch_35,Остывание,646,721,75
Формовой_batch_13,Формовка,650,661,11
Формовой_batch_14,Смешивание,654,666,12
Формовой_batch_16,Комбинирование,654,675,21
Формовой_batch_12,Расстойка,656,681,25
Формовой_batch_15,Смешивание,659,671,12
Формовой_batch_17,Комбинирование,659,680,21
Формовой_batch_10,Выпекание,660,705,45
Формовой_batch_13,Расстойка,661,686,25
Формовой_batch_11,Выпекание,665,710,45
Формовой_batch_14,Формовка,666,677,11
Формовой_batch_15,Формовка,671,682,11
Формовой_batch_16,Смешивание,675,687,12
Формовой_batch_18,Комбинирование,675,696,21
Формовой_batch_14,Расстойка,677,702,25
Формовой_batch_17,Смешивание,680,692,12
Формовой_batch_19,Комбинирование,680,701,21
Формовой_batch_12,Выпекание,681,726,45
Формовой_batch_15,Расстойка,682,707,25
Формовой_batch_8,Остывание,684,774,90
Формовой_batch_13,Выпекание,686,731,45
Формовой_batch_16,Формовка,687,698,11
Формовой_batch_9,Остывание,689,779,90
Формовой_batch_17,Формовка,692,703,11
Формовой_batch_18,Смешивание,696,708,12
Формовой_batch_20,Комбинирование,696,717,21
Формовой_batch_16,Расстойка,698,723,25
Формовой_batch_19,Смешивание,701,713,12
Формовой_batch_21,Комбинирование,701,719,18
Формовой_batch_14,Выпекание,702,747,45
Формовой_batch_17,Расстойка,703,728,25
Формовой_batch_10,Остывание,705,795,90
Формовой_batch_15,Выпекание,707,752,45
Формовой_batch_18,Формовка,708,719,11
Формовой_batch_11,Остывание,710,800,90
Формовой_batch_19,Формовка,713,724,11
Мини формовой_batch_22,Комбинирование,717,738,21
Формовой_batch_20,Смешивание,717,729,12
Мини формовой_batch_23,Комбинирование,719,740,21
Формовой_batch_18,Расстойка,719,744,25
Формовой_batch_21,Смешивание,719,731,12
Формовой_batch_16,Выпекание,723,768,45
Формовой_batch_19,Расстойка,724,749,25
Формовой_batch_12,Остывание,726,816,90
Формовой_batch_17,Выпекание,728,773,45
Формовой_batch_20,Формовка,729,740,11
Формовой_batch_13,Остывание,731,821,90
Формовой_batch_21,Формовка,731,741,10
Мини формовой_batch_22,Смешивание,738,750,12
Мини формовой_batch_24,Комбинирование,738,759,21
Мини формовой_batch_23,Смешивание,740,752,12
Мини формовой_batch_25,Комбинирование,740,757,17
Формовой_batch_20,Расстойка,740,765,25
Формовой_batch_21,Расстойка,741,766,25
Формовой_batch_18,Выпекание,744,789,45
Формовой_batch_14,Остывание,747,837,90
Формовой_batch_19,Выпекание,749,794,45
Мини формовой_batch_22,Формовка,750,761,11
Мини формовой_batch_23,Формовка,752,763,11
Формовой_batch_15,Остывание,752,842,90
Бородинский_batch_26,Комбинирование,757,778,21
Мини формовой_batch_25,Смешивание,757,769,12
Мини формовой_batch_24,Смешивание,759,771,12
Формовой_batch_4,Комбинирование,759,780,21
Мини формовой_batch_22,Расстойка,761,786,25
Мини формовой_batch_23,Расстойка,763,788,25
Формовой_batch_20,Выпекание,765,810,45
Формовой_batch_21,Выпекание,766,811,45
Формовой_batch_16,Остывание,768,858,90
Мини формовой_batch_25,Формовка,769,778,9
Мини формовой_batch_24,Формовка,771,782,11
Формовой_batch_17,Остывание,773,863,90
Бородинский_batch_26,Смешивание,778,788,10
Мини формовой_batch_25,Расстойка,778,803,25
Формовой_batch_5,Комбинирование,778,799,21
Бородинский_batch_29,Комбинирование,780,801,21
Формовой_batch_4,Смешивание,780,792,12
Мини формовой_batch_24,Расстойка,782,807,25
Мини формовой_batch_22,Выпекание,786,831,45
Бородинский_batch_26,Формовка,788,799,11
Мини формовой_batch_23,Выпекание,788,833,45
Формовой_batch_18,Остывание,789,879,90
Формовой_batch_4,Формовка,792,803,11
Формовой_batch_19,Остывание,794,884,90
Бородинский_batch_26,Расстойка,799,819,20
Формовой_batch_5,Смешивание,799,811,12
Формовой_batch_6,Комбинирование,799,820,21
Бородинский_batch_29,Смешивание,801,811,10
Формовой_batch_7,Комбинирование,801,822,21
Мини формовой_batch_25,Выпекание,803,848,45
Формовой_batch_4,Расстойка,803,828,25
Мини формовой_batch_24,Выпекание,807,852,45
Формовой_batch_20,Остывание,810,900,90
Бородинский_batch_29,Формовка,811,822,11
Формовой_batch_21,Остывание,811,901,90
Формовой_batch_5,Формовка,811,822,11
Бородинский_batch_26,Выпекание,819,874,55
Бородинский_batch_27,Комбинирование,820,841,21
Формовой_batch_6,Смешивание,820,832,12
Бородинский_batch_28,Комбинирование,822,843,21
Бородинский_batch_29,Расстойка,822,842,20
Формовой_batch_5,Расстойка,822,847,25
Формовой_batch_7,Смешивание,822,834,12
Формовой_batch_4,Выпекание,828,873,45
Мини формовой_batch_22,Остывание,831,921,90
Формовой_batch_6,Формовка,832,843,11
Мини формовой_batch_23,Остывание,833,923,90
Формовой_batch_7,Формовка,834,845,11
Бородинский_batch_27,Смешивание,841,851,10
Бородинский_batch_30,Комбинирование,841,862,21
Бородинский_batch_29,Выпекание,842,897,55
Бородинский_batch_28,Смешивание,843,853,10
Формовой_batch_3,Комбинирование,843,864,21
Формовой_batch_6,Расстойка,843,868,25
Формовой_batch_7,Расстойка,845,870,25
Формовой_batch_5,Выпекание,847,892,45
Мини формовой_batch_25,Остывание,848,938,90
Бородинский_batch_27,Формовка,851,862,11
Мини формовой_batch_24,Остывание,852,942,90
Бородинский_batch_28,Формовка,853,864,11
Бородинский_batch_27,Расстойка,862,882,20
Бородинский_batch_30,Смешивание,862,872,10
Формовой_batch_0,Комбинирование,862,883,21
Бородинский_batch_28,Расстойка,864,884,20
Формовой_batch_1,Комбинирование,864,885,21
Формовой_batch_3,Смешивание,864,876,12
Формовой_batch_6,Выпекание,868,913,45
Формовой_batch_7,Выпекание,870,915,45
Бородинский_batch_30,Формовка,872,883,11
Формовой_batch_4,Остывание,873,963,90
Бородинский_batch_26,Остывание,874,994,120
Формовой_batch_3,Формовка,876,887,11
Бородинский_batch_27,Выпекание,882,937,55
Бородинский_batch_30,Расстойка,883,903,20
Формовой_batch_0,Смешивание,883,895,12
Формовой_batch_2,Комбинирование,883,904,21
Бородинский_batch_28,Выпекание,884,939,55
Формовой_batch_1,Смешивание,885,897,12
Формовой_batch_3,Расстойка,887,912,25
Формовой_batch_5,Остывание,892,982,90
Формовой_batch_0,Формовка,895,906,11
Бородинский_batch_29,Остывание,897,1017,120
Формовой_batch_1,Формовка,897,908,11
Бородинский_batch_30,Выпекание,903,958,55
Формовой_batch_2,Смешивание,904,916,12
Формовой_batch_0,Расстойка,906,931,25
Формовой_batch_1,Расстойка,908,933,25
Формовой_batch_3,Выпекание,912,957,45
Формовой_batch_6,Остывание,913,1003,90
Формовой_batch_7,Остывание,915,1005,90
Формовой_batch_2,Формовка,916,927,11
Формовой_batch_2,Расстойка,927,952,25
Формовой_batch_0,Выпекание,931,976,45
Формовой_batch_1,Выпекание,933,978,45
Бородинский_batch_27,Остывание,937,1057,120
Бородинский_batch_28,Остывание,939,1059,120
Формовой_batch_2,Выпекание,952,997,45
Формовой_batch_3,Остывание,957,1047,90
Бородинский_batch_30,Остывание,958,1078,120
Формовой_batch_0,Остывание,976,1066,90
Формовой_batch_1,Остывание,978,1068,90
Формовой_batch_2,Остывание,997,1087,90
