Batch_ID,Stage,Start_Time_Min,End_Time_Min,Duration_Min
Булочка для хотдога штучно_batch_2,Комбинирование,0,21,21
Сэндвич_batch_14,Комбинирование,0,13,13
Бородинский_batch_5,Комбинирование,13,34,21
Сэндвич_batch_14,Смешивание,13,23,10
Бородинский_batch_1,Комбинирование,21,42,21
Булочка для хотдога штучно_batch_2,Смешивание,21,31,10
Сэндвич_batch_14,Формовка,23,30,7
Сэндвич_batch_14,Расстойка,30,55,25
Булочка для хотдога штучно_batch_2,Формовка,31,42,11
Бородинский_batch_5,Смешивание,34,44,10
Диета_batch_1,Комбинирование,34,55,21
Бородинский_batch_1,Смешивание,42,52,10
Бородинский_batch_6,Комбинирование,42,53,11
Булочка для хотдога штучно_batch_2,Расстойка,42,67,25
Бородинский_batch_5,Формовка,44,55,11
Бородинский_batch_1,Формовка,52,63,11
Бородинский_batch_6,Смешивание,53,63,10
Диета_batch_2,Комбинирование,53,74,21
Бородинский_batch_5,Расстойка,55,75,20
Диета_batch_1,Смешивание,55,65,10
Сэндвич_batch_14,Выпекание,55,77,22
Хлеб «Тартин бездрожжевой»_batch_1,Комбинирование,55,58,3
Булочка для гамбургера большой с кунжутом_batch_8,Комбинирование,58,79,21
Хлеб «Тартин бездрожжевой»_batch_1,Смешивание,58,68,10
Бородинский_batch_1,Расстойка,63,83,20
Бородинский_batch_6,Формовка,63,69,6
Диета_batch_1,Формовка,65,76,11
Булочка для хотдога штучно_batch_2,Выпекание,67,89,22
Бородинский_batch_6,Расстойка,69,89,20
Хлеб «Тартин бездрожжевой»_batch_1,Формовка,69,71,2
Хлеб «Тартин бездрожжевой»_batch_1,Расстойка,71,91,20
Диета_batch_2,Смешивание,74,84,10
Диета_batch_3,Комбинирование,74,95,21
Бородинский_batch_5,Выпекание,75,130,55
Диета_batch_1,Расстойка,76,114,38
Сэндвич_batch_14,Остывание,77,122,45
Булочка для гамбургера большой с кунжутом_batch_8,Смешивание,79,89,10
Зерновой Столичный_batch_1,Комбинирование,79,82,3
Славянский_batch_1,Комбинирование,82,84,2
Бородинский_batch_1,Выпекание,83,138,55
Зерновой Столичный_batch_1,Смешивание,83,93,10
Диета_batch_2,Формовка,84,95,11
Формовой_batch_15,Комбинирование,84,105,21
Славянский_batch_1,Смешивание,85,95,10
Бородинский_batch_6,Выпекание,89,144,55
Булочка для гамбургера большой с кунжутом_batch_8,Формовка,89,100,11
Булочка для хотдога штучно_batch_2,Остывание,89,134,45
Хлеб «Тартин бездрожжевой»_batch_1,Выпекание,91,107,16
Диета_batch_2,Расстойка,95,133,38
Диета_batch_3,Смешивание,95,105,10
Зерновой Столичный_batch_1,Формовка,95,97,2
Формовой_batch_6,Комбинирование,95,116,21
Зерновой Столичный_batch_1,Расстойка,97,122,25
Славянский_batch_1,Формовка,97,98,1
Булочка для гамбургера большой с кунжутом_batch_8,Расстойка,100,125,25
Диета_batch_3,Формовка,105,116,11
Формовой_batch_10,Комбинирование,105,126,21
Формовой_batch_15,Смешивание,105,117,12
Хлеб «Тартин бездрожжевой»_batch_1,Остывание,107,167,60
Славянский_batch_1,Расстойка,108,133,25
Диета_batch_1,Выпекание,114,149,35
Диета_batch_3,Расстойка,116,154,38
Формовой_batch_4,Комбинирование,116,137,21
Формовой_batch_6,Смешивание,116,128,12
Формовой_batch_15,Формовка,117,128,11
Зерновой Столичный_batch_1,Выпекание,122,139,17
Булочка для гамбургера большой с кунжутом_batch_8,Выпекание,125,147,22
Формовой_batch_10,Смешивание,126,138,12
Формовой_batch_19,Комбинирование,126,147,21
Формовой_batch_15,Расстойка,128,153,25
Формовой_batch_6,Формовка,128,139,11
Бородинский_batch_5,Остывание,130,250,120
Диета_batch_2,Выпекание,133,168,35
Формовой_batch_21,Комбинирование,137,158,21
Формовой_batch_4,Смешивание,137,149,12
Бородинский_batch_1,Остывание,138,258,120
Славянский_batch_1,Выпекание,138,155,17
Формовой_batch_10,Формовка,138,149,11
Зерновой Столичный_batch_1,Остывание,139,199,60
Формовой_batch_6,Расстойка,139,164,25
Бородинский_batch_6,Остывание,144,264,120
Булочка для гамбургера большой с кунжутом_batch_8,Остывание,147,192,45
Формовой_batch_19,Смешивание,147,159,12
Формовой_batch_7,Комбинирование,147,168,21
Диета_batch_1,Остывание,149,239,90
Формовой_batch_10,Расстойка,149,174,25
Формовой_batch_4,Формовка,149,160,11
Формовой_batch_15,Выпекание,153,198,45
Диета_batch_3,Выпекание,154,189,35
Славянский_batch_1,Остывание,155,215,60
Формовой_batch_2,Комбинирование,158,179,21
Формовой_batch_21,Смешивание,158,170,12
Формовой_batch_19,Формовка,159,170,11
Формовой_batch_4,Расстойка,160,185,25
Формовой_batch_6,Выпекание,164,209,45
Диета_batch_2,Остывание,168,258,90
Формовой_batch_7,Смешивание,168,180,12
Формовой_batch_8,Комбинирование,168,189,21
Формовой_batch_19,Расстойка,170,195,25
Формовой_batch_21,Формовка,170,181,11
Формовой_batch_10,Выпекание,174,219,45
Формовой_batch_18,Комбинирование,179,200,21
Формовой_batch_2,Смешивание,179,191,12
Формовой_batch_7,Формовка,180,191,11
Формовой_batch_21,Расстойка,181,206,25
Формовой_batch_4,Выпекание,185,230,45
Бородинский_batch_4,Комбинирование,189,210,21
Диета_batch_3,Остывание,189,279,90
Формовой_batch_8,Смешивание,189,201,12
Формовой_batch_2,Формовка,191,202,11
Формовой_batch_7,Расстойка,191,216,25
Формовой_batch_19,Выпекание,195,240,45
Формовой_batch_15,Остывание,198,288,90
Бородинский_batch_2,Комбинирование,200,221,21
Формовой_batch_18,Смешивание,200,212,12
Формовой_batch_8,Формовка,201,212,11
Формовой_batch_2,Расстойка,202,227,25
Формовой_batch_21,Выпекание,206,251,45
Формовой_batch_6,Остывание,209,299,90
Бородинский_batch_3,Комбинирование,210,231,21
Бородинский_batch_4,Смешивание,210,220,10
Формовой_batch_18,Формовка,212,223,11
Формовой_batch_8,Расстойка,212,237,25
Формовой_batch_7,Выпекание,216,261,45
Формовой_batch_10,Остывание,219,309,90
Бородинский_batch_4,Формовка,220,231,11
Бородинский_batch_2,Смешивание,221,231,10
Формовой_batch_13,Комбинирование,221,242,21
Формовой_batch_18,Расстойка,223,248,25
Формовой_batch_2,Выпекание,227,272,45
Формовой_batch_4,Остывание,230,320,90
Бородинский_batch_2,Формовка,231,242,11
Бородинский_batch_3,Смешивание,231,241,10
Бородинский_batch_4,Расстойка,231,251,20
Формовой_batch_16,Комбинирование,231,252,21
Формовой_batch_8,Выпекание,237,282,45
Формовой_batch_19,Остывание,240,330,90
Бородинский_batch_3,Формовка,241,252,11
Бородинский_batch_2,Расстойка,242,262,20
Формовой_batch_13,Смешивание,242,254,12
Формовой_batch_20,Комбинирование,242,263,21
Формовой_batch_18,Выпекание,248,293,45
Бородинский_batch_4,Выпекание,251,306,55
Формовой_batch_21,Остывание,251,341,90
Бородинский_batch_3,Расстойка,252,272,20
Формовой_batch_1,Комбинирование,252,273,21
Формовой_batch_16,Смешивание,252,264,12
Формовой_batch_13,Формовка,254,265,11
Формовой_batch_7,Остывание,261,351,90
Бородинский_batch_2,Выпекание,262,317,55
Формовой_batch_11,Комбинирование,263,284,21
Формовой_batch_20,Смешивание,263,275,12
Формовой_batch_16,Формовка,264,275,11
Формовой_batch_13,Расстойка,265,290,25
Бородинский_batch_3,Выпекание,272,327,55
Формовой_batch_2,Остывание,272,362,90
Формовой_batch_1,Смешивание,273,285,12
Формовой_batch_12,Комбинирование,273,294,21
Формовой_batch_16,Расстойка,275,300,25
Формовой_batch_20,Формовка,275,286,11
Формовой_batch_8,Остывание,282,372,90
Мини формовой_batch_2,Комбинирование,284,305,21
Формовой_batch_11,Смешивание,284,296,12
Формовой_batch_1,Формовка,285,296,11
Формовой_batch_20,Расстойка,286,311,25
Формовой_batch_13,Выпекание,290,335,45
Формовой_batch_18,Остывание,293,383,90
Мини формовой_batch_3,Комбинирование,294,315,21
Формовой_batch_12,Смешивание,294,306,12
Формовой_batch_1,Расстойка,296,321,25
Формовой_batch_11,Формовка,296,307,11
Формовой_batch_16,Выпекание,300,345,45
Мини формовой_batch_2,Смешивание,305,317,12
Формовой_batch_17,Комбинирование,305,326,21
Бородинский_batch_4,Остывание,306,426,120
Формовой_batch_12,Формовка,306,317,11
Формовой_batch_11,Расстойка,307,332,25
Формовой_batch_20,Выпекание,311,356,45
Мини формовой_batch_1,Комбинирование,315,336,21
Мини формовой_batch_3,Смешивание,315,327,12
Бородинский_batch_2,Остывание,317,437,120
Мини формовой_batch_2,Формовка,317,328,11
Формовой_batch_12,Расстойка,317,342,25
Формовой_batch_1,Выпекание,321,366,45
Формовой_batch_17,Смешивание,326,338,12
Формовой_batch_9,Комбинирование,326,347,21
Бородинский_batch_3,Остывание,327,447,120
Мини формовой_batch_3,Формовка,327,338,11
Мини формовой_batch_2,Расстойка,328,353,25
Формовой_batch_11,Выпекание,332,377,45
Формовой_batch_13,Остывание,335,425,90
Мини формовой_batch_1,Смешивание,336,348,12
Формовой_batch_3,Комбинирование,336,357,21
Мини формовой_batch_3,Расстойка,338,363,25
Формовой_batch_17,Формовка,338,349,11
Формовой_batch_12,Выпекание,342,387,45
Формовой_batch_16,Остывание,345,435,90
Формовой_batch_14,Комбинирование,347,368,21
Формовой_batch_9,Смешивание,347,359,12
Мини формовой_batch_1,Формовка,348,359,11
Формовой_batch_17,Расстойка,349,374,25
Мини формовой_batch_2,Выпекание,353,398,45
Формовой_batch_20,Остывание,356,446,90
Формовой_batch_3,Смешивание,357,369,12
Формовой_batch_5,Комбинирование,357,378,21
Мини формовой_batch_1,Расстойка,359,384,25
Формовой_batch_9,Формовка,359,370,11
Мини формовой_batch_3,Выпекание,363,408,45
Формовой_batch_1,Остывание,366,456,90
Формовой_batch_14,Смешивание,368,380,12
Формовой_batch_22,Комбинирование,368,386,18
Формовой_batch_3,Формовка,369,380,11
Формовой_batch_9,Расстойка,370,395,25
Формовой_batch_17,Выпекание,374,419,45
Формовой_batch_11,Остывание,377,467,90
Мини формовой_batch_4,Комбинирование,378,395,17
Формовой_batch_5,Смешивание,378,390,12
Формовой_batch_14,Формовка,380,391,11
Формовой_batch_3,Расстойка,380,405,25
Мини формовой_batch_1,Выпекание,384,429,45
Диета_batch_4,Комбинирование,386,395,9
Формовой_batch_22,Смешивание,386,398,12
Формовой_batch_12,Остывание,387,477,90
Формовой_batch_5,Формовка,390,401,11
Формовой_batch_14,Расстойка,391,416,25
Багет новый_batch_2,Комбинирование,395,416,21
Диета_batch_4,Смешивание,395,405,10
Мини формовой_batch_4,Смешивание,395,407,12
Формовой_batch_9,Выпекание,395,440,45
Хлеб «Зерновой»_batch_1,Комбинирование,395,416,21
Мини формовой_batch_2,Остывание,398,488,90
Формовой_batch_22,Формовка,398,408,10
Формовой_batch_5,Расстойка,401,426,25
Диета_batch_4,Формовка,405,410,5
Формовой_batch_3,Выпекание,405,450,45
Мини формовой_batch_3,Остывание,408,498,90
Мини формовой_batch_4,Формовка,408,417,9
Формовой_batch_22,Расстойка,408,433,25
Диета_batch_4,Расстойка,410,448,38
Багет новый_batch_1,Комбинирование,416,437,21
Багет новый_batch_2,Смешивание,416,426,10
Багет новый_batch_3,Комбинирование,416,437,21
Формовой_batch_14,Выпекание,416,461,45
Хлеб «Зерновой»_batch_1,Смешивание,416,426,10
Мини формовой_batch_4,Расстойка,417,442,25
Формовой_batch_17,Остывание,419,509,90
Багет новый_batch_2,Формовка,426,437,11
Формовой_batch_5,Выпекание,426,471,45
Хлеб «Зерновой»_batch_1,Формовка,426,437,11
Мини формовой_batch_1,Остывание,429,519,90
Формовой_batch_22,Выпекание,433,478,45
Багет новый_batch_1,Смешивание,437,447,10
Багет новый_batch_2,Расстойка,437,462,25
Багет новый_batch_3,Смешивание,437,447,10
Плетенка_batch_1,Комбинирование,437,458,21
Хлеб «Зерновой»_batch_1,Расстойка,437,462,25
Хлеб «Зерновой»_batch_2,Комбинирование,437,450,13
Формовой_batch_9,Остывание,440,530,90
Мини формовой_batch_4,Выпекание,442,487,45
Багет новый_batch_1,Формовка,447,458,11
Багет новый_batch_3,Формовка,447,458,11
Диета_batch_4,Выпекание,448,483,35
Баварский Деревенский Ржаной_batch_1,Комбинирование,450,453,3
Формовой_batch_3,Остывание,450,540,90
Хлеб «Зерновой»_batch_2,Смешивание,450,460,10
Баварский Деревенский Ржаной_batch_1,Смешивание,453,463,10
Батон Нарезной_batch_2,Комбинирование,453,474,21
Багет новый_batch_1,Расстойка,458,483,25
Багет новый_batch_3,Расстойка,458,483,25
Батон Нарезной_batch_3,Комбинирование,458,479,21
Плетенка_batch_1,Смешивание,458,468,10
Хлеб «Зерновой»_batch_2,Формовка,460,467,7
Формовой_batch_14,Остывание,461,551,90
Багет новый_batch_2,Выпекание,462,487,25
Хлеб «Зерновой»_batch_1,Выпекание,462,487,25
Баварский Деревенский Ржаной_batch_1,Формовка,463,465,2
Баварский Деревенский Ржаной_batch_1,Расстойка,465,495,30
Хлеб «Зерновой»_batch_2,Расстойка,467,492,25
Плетенка_batch_1,Формовка,468,479,11
Формовой_batch_5,Остывание,471,561,90
Батон Нарезной_batch_2,Смешивание,474,484,10
Семейный_batch_3,Комбинирование,474,495,21
Формовой_batch_22,Остывание,478,568,90
Батон Нарезной_batch_3,Смешивание,479,489,10
Жайлы_batch_1,Комбинирование,479,500,21
Плетенка_batch_1,Расстойка,479,504,25
Багет новый_batch_1,Выпекание,483,508,25
Багет новый_batch_3,Выпекание,483,508,25
Диета_batch_4,Остывание,483,573,90
Батон Нарезной_batch_2,Формовка,484,495,11
Багет новый_batch_2,Остывание,487,562,75
Мини формовой_batch_4,Остывание,487,577,90
Хлеб «Зерновой»_batch_1,Остывание,487,562,75
Батон Нарезной_batch_3,Формовка,489,500,11
Хлеб «Зерновой»_batch_2,Выпекание,492,517,25
Баварский Деревенский Ржаной_batch_1,Выпекание,495,513,18
Батон Нарезной_batch_1,Комбинирование,495,516,21
Батон Нарезной_batch_2,Расстойка,495,520,25
Семейный_batch_3,Смешивание,495,505,10
Батон Нарезной_batch_3,Расстойка,500,525,25
Жайлы_batch_1,Смешивание,500,510,10
Семейный_batch_1,Комбинирование,500,521,21
Плетенка_batch_1,Выпекание,504,521,17
Семейный_batch_3,Формовка,505,516,11
Багет новый_batch_1,Остывание,508,583,75
Багет новый_batch_3,Остывание,508,583,75
Жайлы_batch_1,Формовка,510,521,11
Баварский Деревенский Ржаной_batch_1,Остывание,513,603,90
Батон Нарезной_batch_1,Смешивание,516,526,10
Семейный_batch_2,Комбинирование,516,537,21
Семейный_batch_3,Расстойка,516,541,25
Хлеб «Зерновой»_batch_2,Остывание,517,592,75
Батон Нарезной_batch_2,Выпекание,520,537,17
Жайлы_batch_1,Расстойка,521,546,25
Плетенка_batch_1,Остывание,521,581,60
Премиум_batch_1,Комбинирование,521,525,4
Семейный_batch_1,Смешивание,521,531,10
Батон Нарезной_batch_3,Выпекание,525,542,17
Премиум_batch_1,Смешивание,525,535,10
Чиабатта_batch_1,Комбинирование,525,529,4
Батон Нарезной_batch_1,Формовка,526,537,11
Булочка для гамбургера большой с кунжутом_batch_3,Комбинирование,529,550,21
Чиабатта_batch_1,Смешивание,529,539,10
Семейный_batch_1,Формовка,531,542,11
Батон Нарезной_batch_1,Расстойка,537,562,25
Батон Нарезной_batch_2,Остывание,537,597,60
Премиум_batch_1,Формовка,537,539,2
Семейный_batch_2,Смешивание,537,547,10
Сэндвич_batch_2,Комбинирование,537,558,21
Премиум_batch_1,Расстойка,539,564,25
Чиабатта_batch_1,Формовка,539,541,2
Семейный_batch_3,Выпекание,541,558,17
Чиабатта_batch_1,Расстойка,541,566,25
Батон Нарезной_batch_3,Остывание,542,602,60
Семейный_batch_1,Расстойка,542,567,25
Жайлы_batch_1,Выпекание,546,563,17
Семейный_batch_2,Формовка,547,558,11
Булочка для гамбургера большой с кунжутом_batch_11,Комбинирование,550,571,21
Булочка для гамбургера большой с кунжутом_batch_3,Смешивание,550,560,10
Булочка для гамбургера большой с кунжутом_batch_2,Комбинирование,558,579,21
Семейный_batch_2,Расстойка,558,583,25
Семейный_batch_3,Остывание,558,618,60
Сэндвич_batch_2,Смешивание,558,568,10
Булочка для гамбургера большой с кунжутом_batch_3,Формовка,560,571,11
Батон Нарезной_batch_1,Выпекание,562,579,17
Жайлы_batch_1,Остывание,563,623,60
Премиум_batch_1,Выпекание,564,589,25
Чиабатта_batch_1,Выпекание,566,591,25
Семейный_batch_1,Выпекание,567,584,17
Сэндвич_batch_2,Формовка,568,579,11
Булочка для гамбургера большой с кунжутом_batch_11,Смешивание,571,581,10
Булочка для гамбургера большой с кунжутом_batch_3,Расстойка,571,596,25
Сэндвич_batch_9,Комбинирование,571,592,21
Батон Нарезной_batch_1,Остывание,579,639,60
Булочка для гамбургера большой с кунжутом_batch_2,Смешивание,579,589,10
Булочка для гамбургера большой с кунжутом_batch_6,Комбинирование,579,600,21
Сэндвич_batch_2,Расстойка,579,604,25
Булочка для гамбургера большой с кунжутом_batch_11,Формовка,581,592,11
Семейный_batch_2,Выпекание,583,600,17
Семейный_batch_1,Остывание,584,644,60
Булочка для гамбургера большой с кунжутом_batch_2,Формовка,589,600,11
Премиум_batch_1,Остывание,589,664,75
Чиабатта_batch_1,Остывание,591,666,75
Булочка для гамбургера большой с кунжутом_batch_11,Расстойка,592,617,25
Сэндвич_batch_7,Комбинирование,592,613,21
Сэндвич_batch_9,Смешивание,592,602,10
Булочка для гамбургера большой с кунжутом_batch_3,Выпекание,596,618,22
Булочка для гамбургера большой с кунжутом_batch_13,Комбинирование,600,621,21
Булочка для гамбургера большой с кунжутом_batch_2,Расстойка,600,625,25
Булочка для гамбургера большой с кунжутом_batch_6,Смешивание,600,610,10
Семейный_batch_2,Остывание,600,660,60
Сэндвич_batch_9,Формовка,602,613,11
Сэндвич_batch_2,Выпекание,604,626,22
Булочка для гамбургера большой с кунжутом_batch_6,Формовка,610,621,11
Булочка для гамбургера большой с кунжутом_batch_1,Комбинирование,613,634,21
Сэндвич_batch_7,Смешивание,613,623,10
Сэндвич_batch_9,Расстойка,613,638,25
Булочка для гамбургера большой с кунжутом_batch_11,Выпекание,617,639,22
Булочка для гамбургера большой с кунжутом_batch_3,Остывание,618,663,45
Булочка для гамбургера большой с кунжутом_batch_13,Смешивание,621,631,10
Булочка для гамбургера большой с кунжутом_batch_6,Расстойка,621,646,25
Сэндвич_batch_6,Комбинирование,621,642,21
Сэндвич_batch_7,Формовка,623,634,11
Булочка для гамбургера большой с кунжутом_batch_2,Выпекание,625,647,22
Сэндвич_batch_2,Остывание,626,671,45
Булочка для гамбургера большой с кунжутом_batch_13,Формовка,631,642,11
Булочка для гамбургера большой с кунжутом_batch_1,Смешивание,634,644,10
Сэндвич_batch_5,Комбинирование,634,655,21
Сэндвич_batch_7,Расстойка,634,659,25
Сэндвич_batch_9,Выпекание,638,660,22
Булочка для гамбургера большой с кунжутом_batch_11,Остывание,639,684,45
Булочка для гамбургера большой с кунжутом_batch_13,Расстойка,642,667,25
Сэндвич_batch_10,Комбинирование,642,663,21
Сэндвич_batch_6,Смешивание,642,652,10
Булочка для гамбургера большой с кунжутом_batch_1,Формовка,644,655,11
Булочка для гамбургера большой с кунжутом_batch_6,Выпекание,646,668,22
Булочка для гамбургера большой с кунжутом_batch_2,Остывание,647,692,45
Сэндвич_batch_6,Формовка,652,663,11
Булочка для гамбургера большой с кунжутом_batch_1,Расстойка,655,680,25
Сэндвич_batch_11,Комбинирование,655,676,21
Сэндвич_batch_5,Смешивание,655,665,10
Сэндвич_batch_7,Выпекание,659,681,22
Сэндвич_batch_9,Остывание,660,705,45
Булочка для гамбургера большой с кунжутом_batch_9,Комбинирование,663,684,21
Сэндвич_batch_10,Смешивание,663,673,10
Сэндвич_batch_6,Расстойка,663,688,25
Сэндвич_batch_5,Формовка,665,676,11
Булочка для гамбургера большой с кунжутом_batch_13,Выпекание,667,689,22
Булочка для гамбургера большой с кунжутом_batch_6,Остывание,668,713,45
Сэндвич_batch_10,Формовка,673,684,11
Булочка для гамбургера большой с кунжутом_batch_5,Комбинирование,676,697,21
Сэндвич_batch_11,Смешивание,676,686,10
Сэндвич_batch_5,Расстойка,676,701,25
Булочка для гамбургера большой с кунжутом_batch_1,Выпекание,680,702,22
Сэндвич_batch_7,Остывание,681,726,45
Булочка для гамбургера большой с кунжутом_batch_9,Смешивание,684,694,10
Булочка для хотдога штучно_batch_1,Комбинирование,684,705,21
Сэндвич_batch_10,Расстойка,684,709,25
Сэндвич_batch_11,Формовка,686,697,11
Сэндвич_batch_6,Выпекание,688,710,22
Булочка для гамбургера большой с кунжутом_batch_13,Остывание,689,734,45
Булочка для гамбургера большой с кунжутом_batch_9,Формовка,694,705,11
Береке_batch_1,Комбинирование,697,718,21
Булочка для гамбургера большой с кунжутом_batch_5,Смешивание,697,707,10
Сэндвич_batch_11,Расстойка,697,722,25
Сэндвич_batch_5,Выпекание,701,723,22
Булочка для гамбургера большой с кунжутом_batch_1,Остывание,702,747,45
Булочка для гамбургера большой с кунжутом_batch_9,Расстойка,705,730,25
Булочка для хотдога штучно_batch_1,Смешивание,705,715,10
Сэндвич_batch_1,Комбинирование,705,726,21
Булочка для гамбургера большой с кунжутом_batch_5,Формовка,707,718,11
Сэндвич_batch_10,Выпекание,709,731,22
Сэндвич_batch_6,Остывание,710,755,45
Булочка для хотдога штучно_batch_1,Формовка,715,726,11
Береке_batch_1,Смешивание,718,728,10
Булочка для гамбургера большой с кунжутом_batch_14,Комбинирование,718,739,21
Булочка для гамбургера большой с кунжутом_batch_5,Расстойка,718,743,25
Сэндвич_batch_11,Выпекание,722,744,22
Сэндвич_batch_5,Остывание,723,768,45
Булочка для хотдога штучно_batch_1,Расстойка,726,751,25
Сэндвич_batch_1,Смешивание,726,736,10
Сэндвич_batch_12,Комбинирование,726,747,21
Береке_batch_1,Формовка,728,739,11
Булочка для гамбургера большой с кунжутом_batch_9,Выпекание,730,752,22
Сэндвич_batch_10,Остывание,731,776,45
Сэндвич_batch_1,Формовка,736,747,11
Береке_batch_1,Расстойка,739,759,20
Булочка для гамбургера большой с кунжутом_batch_10,Комбинирование,739,760,21
Булочка для гамбургера большой с кунжутом_batch_14,Смешивание,739,749,10
Булочка для гамбургера большой с кунжутом_batch_5,Выпекание,743,765,22
Сэндвич_batch_11,Остывание,744,789,45
Булочка для гамбургера большой с кунжутом_batch_15,Комбинирование,747,768,21
Сэндвич_batch_1,Расстойка,747,772,25
Сэндвич_batch_12,Смешивание,747,757,10
Булочка для гамбургера большой с кунжутом_batch_14,Формовка,749,760,11
Булочка для хотдога штучно_batch_1,Выпекание,751,773,22
Булочка для гамбургера большой с кунжутом_batch_9,Остывание,752,797,45
Сэндвич_batch_12,Формовка,757,768,11
Береке_batch_1,Выпекание,759,775,16
Булочка для гамбургера большой с кунжутом_batch_10,Смешивание,760,770,10
Булочка для гамбургера большой с кунжутом_batch_12,Комбинирование,760,781,21
Булочка для гамбургера большой с кунжутом_batch_14,Расстойка,760,785,25
Булочка для гамбургера большой с кунжутом_batch_5,Остывание,765,810,45
Булочка для гамбургера большой с кунжутом_batch_15,Смешивание,768,778,10
Сэндвич_batch_12,Расстойка,768,793,25
Сэндвич_batch_3,Комбинирование,768,789,21
Булочка для гамбургера большой с кунжутом_batch_10,Формовка,770,781,11
Сэндвич_batch_1,Выпекание,772,794,22
Булочка для хотдога штучно_batch_1,Остывание,773,818,45
Береке_batch_1,Остывание,775,835,60
Булочка для гамбургера большой с кунжутом_batch_15,Формовка,778,789,11
Булочка для гамбургера большой с кунжутом_batch_10,Расстойка,781,806,25
Булочка для гамбургера большой с кунжутом_batch_12,Смешивание,781,791,10
Сэндвич_batch_13,Комбинирование,781,802,21
Булочка для гамбургера большой с кунжутом_batch_14,Выпекание,785,807,22
Булочка для гамбургера большой с кунжутом_batch_15,Расстойка,789,814,25
Сэндвич_batch_3,Смешивание,789,799,10
Сэндвич_batch_8,Комбинирование,789,810,21
Булочка для гамбургера большой с кунжутом_batch_12,Формовка,791,802,11
Сэндвич_batch_12,Выпекание,793,815,22
Сэндвич_batch_1,Остывание,794,839,45
Сэндвич_batch_3,Формовка,799,810,11
Булочка для гамбургера большой с кунжутом_batch_12,Расстойка,802,827,25
Сэндвич_batch_13,Смешивание,802,812,10
Сэндвич_batch_4,Комбинирование,802,823,21
Булочка для гамбургера большой с кунжутом_batch_10,Выпекание,806,828,22
Булочка для гамбургера большой с кунжутом_batch_14,Остывание,807,852,45
Булочка для гамбургера большой с кунжутом_batch_7,Комбинирование,810,831,21
Сэндвич_batch_3,Расстойка,810,835,25
Сэндвич_batch_8,Смешивание,810,820,10
Сэндвич_batch_13,Формовка,812,823,11
Булочка для гамбургера большой с кунжутом_batch_15,Выпекание,814,836,22
Сэндвич_batch_12,Остывание,815,860,45
Сэндвич_batch_8,Формовка,820,831,11
Булочка для гамбургера большой с кунжутом_batch_4,Комбинирование,823,844,21
Сэндвич_batch_13,Расстойка,823,848,25
Сэндвич_batch_4,Смешивание,823,833,10
Булочка для гамбургера большой с кунжутом_batch_12,Выпекание,827,849,22
Булочка для гамбургера большой с кунжутом_batch_10,Остывание,828,873,45
Багет новый_batch_4,Комбинирование,831,832,1
Булочка для гамбургера большой с кунжутом_batch_7,Смешивание,831,841,10
Сэндвич_batch_8,Расстойка,831,856,25
Багет новый_batch_4,Смешивание,832,842,10
Жайлы_batch_2,Комбинирование,832,846,14
Сэндвич_batch_4,Формовка,833,844,11
Сэндвич_batch_3,Выпекание,835,857,22
Булочка для гамбургера большой с кунжутом_batch_15,Остывание,836,881,45
Булочка для гамбургера большой с кунжутом_batch_7,Формовка,841,852,11
Багет новый_batch_4,Формовка,844,845,1
Береке_batch_2,Комбинирование,844,859,15
Булочка для гамбургера большой с кунжутом_batch_4,Смешивание,844,854,10
Сэндвич_batch_4,Расстойка,844,869,25
Багет новый_batch_4,Расстойка,845,870,25
Батон Верный_batch_1,Комбинирование,846,857,11
Жайлы_batch_2,Смешивание,846,856,10
Сэндвич_batch_13,Выпекание,848,870,22
Булочка для гамбургера большой с кунжутом_batch_12,Остывание,849,894,45
Булочка для гамбургера большой с кунжутом_batch_7,Расстойка,852,877,25
Булочка для гамбургера большой с кунжутом_batch_4,Формовка,854,865,11
Жайлы_batch_2,Формовка,856,864,8
Сэндвич_batch_8,Выпекание,856,878,22
Батон Верный_batch_1,Смешивание,857,867,10
Плетенка_batch_2,Комбинирование,857,866,9
Сэндвич_batch_3,Остывание,857,902,45
Береке_batch_2,Смешивание,859,869,10
Семейный_batch_4,Комбинирование,859,867,8
Жайлы_batch_2,Расстойка,864,889,25
Булочка для гамбургера большой с кунжутом_batch_4,Расстойка,865,890,25
Батон Нарезной_batch_4,Комбинирование,866,874,8
Плетенка_batch_2,Смешивание,866,876,10
Батон Верный_batch_1,Формовка,867,873,6
Домашний_batch_1,Комбинирование,867,870,3
Семейный_batch_4,Смешивание,867,877,10
Береке_batch_2,Формовка,869,877,8
Сэндвич_batch_4,Выпекание,869,891,22
Багет новый_batch_4,Выпекание,870,895,25
Датский_batch_1,Комбинирование,870,877,7
Домашний_batch_1,Смешивание,870,880,10
Сэндвич_batch_13,Остывание,870,915,45
Батон Верный_batch_1,Расстойка,873,898,25
Здоровье_batch_1,Комбинирование,874,878,4
Батон Нарезной_batch_4,Смешивание,876,886,10
Плетенка_batch_2,Формовка,876,881,5
Береке_batch_2,Расстойка,877,897,20
Булочка для гамбургера большой с кунжутом_batch_16,Комбинирование,877,884,7
Булочка для гамбургера большой с кунжутом_batch_7,Выпекание,877,899,22
Датский_batch_1,Смешивание,877,887,10
Семейный_batch_4,Формовка,877,881,4
Багет отрубной_batch_1,Комбинирование,878,891,13
Сэндвич_batch_8,Остывание,878,923,45
Здоровье_batch_1,Смешивание,880,890,10
Домашний_batch_1,Формовка,881,883,2
Плетенка_batch_2,Расстойка,881,906,25
Семейный_batch_4,Расстойка,881,906,25
Домашний_batch_1,Расстойка,883,908,25
Багет луковый_batch_1,Комбинирование,884,896,12
Батон Нарезной_batch_4,Формовка,886,890,4
Булочка для гамбургера большой с кунжутом_batch_16,Смешивание,886,896,10
Датский_batch_1,Формовка,887,891,4
Жайлы_batch_2,Выпекание,889,906,17
Батон Нарезной_batch_4,Расстойка,890,915,25
Булочка для гамбургера большой с кунжутом_batch_4,Выпекание,890,912,22
Здоровье_batch_1,Формовка,890,892,2
Багет отрубной_batch_1,Смешивание,891,901,10
Датский_batch_1,Расстойка,891,916,25
Сэндвич_batch_4,Остывание,891,936,45
Здоровье_batch_1,Расстойка,892,917,25
Багет новый_batch_4,Остывание,895,970,75
Багет луковый_batch_1,Смешивание,896,906,10
Булочка для гамбургера большой с кунжутом_batch_16,Формовка,896,900,4
Береке_batch_2,Выпекание,897,913,16
Батон Верный_batch_1,Выпекание,898,915,17
Булочка для гамбургера большой с кунжутом_batch_7,Остывание,899,944,45
Булочка для гамбургера большой с кунжутом_batch_16,Расстойка,900,925,25
Багет отрубной_batch_1,Формовка,901,908,7
Багет луковый_batch_1,Формовка,906,913,7
Жайлы_batch_2,Остывание,906,966,60
Плетенка_batch_2,Выпекание,906,923,17
Семейный_batch_4,Выпекание,906,923,17
Багет отрубной_batch_1,Расстойка,908,933,25
Домашний_batch_1,Выпекание,908,925,17
Булочка для гамбургера большой с кунжутом_batch_4,Остывание,912,957,45
Багет луковый_batch_1,Расстойка,913,933,20
Береке_batch_2,Остывание,913,973,60
Батон Верный_batch_1,Остывание,915,975,60
Батон Нарезной_batch_4,Выпекание,915,932,17
Датский_batch_1,Выпекание,916,933,17
Здоровье_batch_1,Выпекание,917,935,18
Плетенка_batch_2,Остывание,923,983,60
Семейный_batch_4,Остывание,923,983,60
Булочка для гамбургера большой с кунжутом_batch_16,Выпекание,925,947,22
Домашний_batch_1,Остывание,925,985,60
Батон Нарезной_batch_4,Остывание,932,992,60
Багет луковый_batch_1,Выпекание,933,951,18
Багет отрубной_batch_1,Выпекание,933,951,18
Датский_batch_1,Остывание,933,993,60
Здоровье_batch_1,Остывание,935,995,60
Булочка для гамбургера большой с кунжутом_batch_16,Остывание,947,992,45
Багет луковый_batch_1,Остывание,951,996,45
Багет отрубной_batch_1,Остывание,951,996,45
