Batch_ID,Stage,Start_Time_Min,End_Time_Min,Duration_Min
Мини формовой_batch_25,Комбинирование,0,21,21
Мини формовой_batch_26,Комбинирование,0,21,21
Бородинский_batch_28,Комбинирование,21,42,21
Мини формовой_batch_25,Смешивание,21,33,12
Мини формовой_batch_26,Смешивание,21,33,12
Мини формовой_batch_27,Комбинирование,21,33,12
Бородинский_batch_29,Комбинирование,33,54,21
Мини формовой_batch_25,Формовка,33,44,11
Мини формовой_batch_26,Формовка,33,44,11
Мини формовой_batch_27,Смешивание,33,45,12
Бородинский_batch_28,Смешивание,42,52,10
Бородинский_batch_30,Комбинирование,42,63,21
Мини формовой_batch_25,Расстойка,44,69,25
Мини формовой_batch_26,Расстойка,44,69,25
Мини формовой_batch_27,Формовка,45,51,6
Мини формовой_batch_27,Расстойка,51,76,25
Бородинский_batch_28,Формовка,52,63,11
Бородинский_batch_29,Смешивание,54,64,10
Бородинский_batch_31,Комбинирование,54,75,21
Бородинский_batch_28,Расстойка,63,83,20
Бородинский_batch_30,Смешивание,63,73,10
Бородинский_batch_32,Комбинирование,63,84,21
Бородинский_batch_29,Формовка,64,75,11
Мини формовой_batch_25,Выпекание,69,114,45
Мини формовой_batch_26,Выпекание,69,114,45
Бородинский_batch_30,Формовка,73,84,11
Бородинский_batch_29,Расстойка,75,95,20
Бородинский_batch_31,Смешивание,75,85,10
Бородинский_batch_33,Комбинирование,75,82,7
Мини формовой_batch_27,Выпекание,76,121,45
Бородинский_batch_33,Смешивание,82,92,10
Домашний_batch_34,Комбинирование,82,85,3
Бородинский_batch_28,Выпекание,83,138,55
Багет луковый_batch_35,Комбинирование,84,95,11
Бородинский_batch_30,Расстойка,84,104,20
Бородинский_batch_32,Смешивание,84,94,10
Багет новый_batch_36,Комбинирование,85,106,21
Бородинский_batch_31,Формовка,85,96,11
Домашний_batch_34,Смешивание,85,95,10
Бородинский_batch_33,Формовка,92,96,4
Багет луковый_batch_35,Смешивание,95,105,10
Багет новый_batch_37,Комбинирование,95,116,21
Бородинский_batch_29,Выпекание,95,150,55
Бородинский_batch_31,Расстойка,96,116,20
Бородинский_batch_32,Формовка,96,107,11
Бородинский_batch_33,Расстойка,96,116,20
Домашний_batch_34,Формовка,96,98,2
Домашний_batch_34,Расстойка,98,123,25
Бородинский_batch_30,Выпекание,104,159,55
Багет луковый_batch_35,Формовка,105,111,6
Багет новый_batch_36,Смешивание,106,116,10
Багет новый_batch_38,Комбинирование,106,122,16
Бородинский_batch_32,Расстойка,107,127,20
Багет луковый_batch_35,Расстойка,111,131,20
Мини формовой_batch_25,Остывание,114,204,90
Мини формовой_batch_26,Остывание,114,204,90
Багет новый_batch_36,Формовка,116,127,11
Багет новый_batch_37,Смешивание,116,126,10
Багет отрубной_batch_39,Комбинирование,116,127,11
Бородинский_batch_31,Выпекание,116,171,55
Бородинский_batch_33,Выпекание,116,171,55
Мини формовой_batch_27,Остывание,121,211,90
Багет новый_batch_38,Смешивание,122,132,10
Премиум_batch_40,Комбинирование,122,125,3
Домашний_batch_34,Выпекание,123,140,17
Батон Верный_batch_41,Комбинирование,125,136,11
Премиум_batch_40,Смешивание,125,135,10
Багет новый_batch_37,Формовка,126,137,11
Багет новый_batch_36,Расстойка,127,152,25
Багет отрубной_batch_39,Смешивание,127,137,10
Батон Нарезной_batch_44,Комбинирование,127,148,21
Багет новый_batch_38,Формовка,132,141,9
Батон Верный_batch_41,Смешивание,136,146,10
Батон Нарезной_batch_45,Комбинирование,136,155,19
Багет новый_batch_37,Расстойка,137,162,25
Премиум_batch_40,Формовка,137,139,2
Бородинский_batch_28,Остывание,138,258,120
Бородинский_batch_32,Выпекание,138,193,55
Багет отрубной_batch_39,Формовка,139,145,6
Премиум_batch_40,Расстойка,139,164,25
Багет луковый_batch_35,Выпекание,140,158,18
Домашний_batch_34,Остывание,140,200,60
Багет новый_batch_38,Расстойка,141,166,25
Багет отрубной_batch_39,Расстойка,145,170,25
Батон Верный_batch_41,Формовка,146,152,6
Батон Нарезной_batch_44,Смешивание,148,158,10
Береке_batch_46,Комбинирование,148,169,21
Бородинский_batch_29,Остывание,150,270,120
Багет новый_batch_36,Выпекание,152,177,25
Батон Верный_batch_41,Расстойка,152,177,25
Батон Нарезной_batch_45,Смешивание,155,165,10
Береке_batch_47,Комбинирование,155,166,11
Багет луковый_batch_35,Остывание,158,203,45
Батон Нарезной_batch_44,Формовка,158,169,11
Бородинский_batch_30,Остывание,159,279,120
Багет новый_batch_37,Выпекание,162,187,25
Премиум_batch_40,Выпекание,164,189,25
Батон Нарезной_batch_45,Формовка,165,175,10
Береке_batch_47,Смешивание,166,176,10
Жайлы_batch_48,Комбинирование,166,187,21
Батон Нарезной_batch_44,Расстойка,169,194,25
Береке_batch_46,Смешивание,169,179,10
Жайлы_batch_49,Комбинирование,169,187,18
Багет новый_batch_38,Выпекание,171,196,25
Багет отрубной_batch_39,Выпекание,171,189,18
Бородинский_batch_31,Остывание,171,291,120
Бородинский_batch_33,Остывание,171,291,120
Батон Нарезной_batch_45,Расстойка,175,200,25
Береке_batch_47,Формовка,176,182,6
Багет новый_batch_36,Остывание,177,252,75
Батон Верный_batch_41,Выпекание,177,194,17
Береке_batch_46,Формовка,179,190,11
Береке_batch_47,Расстойка,182,202,20
Багет новый_batch_37,Остывание,187,262,75
Диета_batch_50,Комбинирование,187,208,21
Диета_batch_51,Комбинирование,187,208,21
Жайлы_batch_48,Смешивание,187,197,10
Жайлы_batch_49,Смешивание,187,197,10
Багет отрубной_batch_39,Остывание,189,234,45
Премиум_batch_40,Остывание,189,264,75
Береке_batch_46,Расстойка,190,210,20
Бородинский_batch_32,Остывание,193,313,120
Батон Верный_batch_41,Остывание,194,254,60
Батон Нарезной_batch_44,Выпекание,194,211,17
Багет новый_batch_38,Остывание,196,271,75
Жайлы_batch_48,Формовка,197,208,11
Жайлы_batch_49,Формовка,197,207,10
Батон Нарезной_batch_45,Выпекание,200,217,17
Береке_batch_47,Выпекание,202,218,16
Жайлы_batch_49,Расстойка,207,232,25
Диета_batch_50,Смешивание,208,218,10
Диета_batch_51,Смешивание,208,218,10
Диета_batch_52,Комбинирование,208,229,21
Диета_batch_53,Комбинирование,208,221,13
Жайлы_batch_48,Расстойка,208,233,25
Береке_batch_46,Выпекание,210,226,16
Батон Нарезной_batch_44,Остывание,211,271,60
Батон Нарезной_batch_45,Остывание,217,277,60
Береке_batch_47,Остывание,218,278,60
Диета_batch_50,Формовка,218,229,11
Диета_batch_51,Формовка,218,229,11
Диета_batch_53,Смешивание,221,231,10
Здоровье_batch_54,Комбинирование,221,226,5
Береке_batch_46,Остывание,226,286,60
Здоровье_batch_54,Смешивание,226,236,10
Любимый_batch_55,Комбинирование,226,247,21
Диета_batch_50,Расстойка,229,267,38
Диета_batch_51,Расстойка,229,267,38
Диета_batch_52,Смешивание,229,239,10
Любимый_batch_56,Комбинирование,229,250,21
Диета_batch_53,Формовка,231,238,7
Жайлы_batch_49,Выпекание,232,249,17
Жайлы_batch_48,Выпекание,233,250,17
Здоровье_batch_54,Формовка,236,239,3
Диета_batch_53,Расстойка,238,276,38
Диета_batch_52,Формовка,239,250,11
Здоровье_batch_54,Расстойка,239,264,25
Любимый_batch_55,Смешивание,247,257,10
Любимый_batch_57,Комбинирование,247,268,21
Жайлы_batch_49,Остывание,249,309,60
Диета_batch_52,Расстойка,250,288,38
Жайлы_batch_48,Остывание,250,310,60
Любимый_batch_56,Смешивание,250,260,10
Любимый_batch_58,Комбинирование,250,271,21
Любимый_batch_55,Формовка,257,268,11
Любимый_batch_56,Формовка,260,271,11
Здоровье_batch_54,Выпекание,264,282,18
Диета_batch_50,Выпекание,267,302,35
Диета_batch_51,Выпекание,267,302,35
Любимый_batch_55,Расстойка,268,293,25
Любимый_batch_57,Смешивание,268,278,10
Любимый_batch_59,Комбинирование,268,289,21
Любимый_batch_56,Расстойка,271,296,25
Любимый_batch_58,Смешивание,271,281,10
Любимый_batch_60,Комбинирование,271,292,21
Диета_batch_53,Выпекание,276,311,35
Любимый_batch_57,Формовка,278,289,11
Любимый_batch_58,Формовка,281,292,11
Здоровье_batch_54,Остывание,282,342,60
Диета_batch_52,Выпекание,288,323,35
Любимый_batch_57,Расстойка,289,314,25
Любимый_batch_59,Смешивание,289,299,10
Любимый_batch_61,Комбинирование,289,303,14
Любимый_batch_58,Расстойка,292,317,25
Любимый_batch_60,Смешивание,292,302,10
Отрубной (общий)_batch_62,Комбинирование,292,313,21
Любимый_batch_55,Выпекание,293,310,17
Любимый_batch_56,Выпекание,296,313,17
Любимый_batch_59,Формовка,299,310,11
Диета_batch_50,Остывание,302,392,90
Диета_batch_51,Остывание,302,392,90
Любимый_batch_60,Формовка,302,313,11
Любимый_batch_61,Смешивание,303,313,10
Отрубной (общий)_batch_63,Комбинирование,303,324,21
Любимый_batch_55,Остывание,310,370,60
Любимый_batch_59,Расстойка,310,335,25
Диета_batch_53,Остывание,311,401,90
Любимый_batch_56,Остывание,313,373,60
Любимый_batch_60,Расстойка,313,338,25
Любимый_batch_61,Формовка,313,320,7
Отрубной (общий)_batch_62,Смешивание,313,323,10
Отрубной (общий)_batch_64,Комбинирование,313,326,13
Любимый_batch_57,Выпекание,314,331,17
Любимый_batch_58,Выпекание,317,334,17
Любимый_batch_61,Расстойка,320,345,25
Диета_batch_52,Остывание,323,413,90
Отрубной (общий)_batch_62,Формовка,323,334,11
Отрубной (общий)_batch_63,Смешивание,324,334,10
Плетенка_batch_65,Комбинирование,324,345,21
Отрубной (общий)_batch_64,Смешивание,326,336,10
Плетенка_batch_66,Комбинирование,326,329,3
Плетенка_batch_66,Смешивание,329,339,10
Семейный_batch_67,Комбинирование,329,350,21
Любимый_batch_57,Остывание,331,391,60
Любимый_batch_58,Остывание,334,394,60
Отрубной (общий)_batch_62,Расстойка,334,359,25
Отрубной (общий)_batch_63,Формовка,334,345,11
Любимый_batch_59,Выпекание,335,352,17
Отрубной (общий)_batch_64,Формовка,336,343,7
Любимый_batch_60,Выпекание,338,355,17
Отрубной (общий)_batch_64,Расстойка,343,368,25
Плетенка_batch_66,Формовка,343,345,2
Любимый_batch_61,Выпекание,345,362,17
Отрубной (общий)_batch_63,Расстойка,345,370,25
Плетенка_batch_65,Смешивание,345,355,10
Плетенка_batch_66,Расстойка,345,370,25
Семейный_batch_68,Комбинирование,345,366,21
Семейный_batch_67,Смешивание,350,360,10
Семейный_batch_69,Комбинирование,350,371,21
Любимый_batch_59,Остывание,352,412,60
Любимый_batch_60,Остывание,355,415,60
Плетенка_batch_65,Формовка,355,366,11
Отрубной (общий)_batch_62,Выпекание,359,376,17
Семейный_batch_67,Формовка,360,371,11
Любимый_batch_61,Остывание,362,422,60
Плетенка_batch_65,Расстойка,366,391,25
Семейный_batch_68,Смешивание,366,376,10
Семейный_batch_70,Комбинирование,366,379,13
Отрубной (общий)_batch_64,Выпекание,368,385,17
Отрубной (общий)_batch_63,Выпекание,370,387,17
Плетенка_batch_66,Выпекание,370,387,17
Семейный_batch_67,Расстойка,371,396,25
Семейный_batch_69,Смешивание,371,381,10
Славянский_batch_71,Комбинирование,371,373,2
Зерновой Столичный_batch_72,Комбинирование,373,377,4
Славянский_batch_71,Смешивание,373,383,10
Отрубной (общий)_batch_62,Остывание,376,436,60
Семейный_batch_68,Формовка,376,387,11
Зерновой Столичный_batch_72,Смешивание,377,387,10
Сэндвич_batch_73,Комбинирование,377,398,21
Сэндвич_batch_74,Комбинирование,379,400,21
Семейный_batch_69,Формовка,381,392,11
Семейный_batch_70,Смешивание,381,391,10
Отрубной (общий)_batch_64,Остывание,385,445,60
Отрубной (общий)_batch_63,Остывание,387,447,60
Плетенка_batch_66,Остывание,387,447,60
Семейный_batch_68,Расстойка,387,412,25
Славянский_batch_71,Формовка,387,388,1
Зерновой Столичный_batch_72,Формовка,388,391,3
Славянский_batch_71,Расстойка,388,413,25
Зерновой Столичный_batch_72,Расстойка,391,416,25
Плетенка_batch_65,Выпекание,391,408,17
Семейный_batch_70,Формовка,391,398,7
Семейный_batch_69,Расстойка,392,417,25
Семейный_batch_67,Выпекание,396,413,17
Семейный_batch_70,Расстойка,398,423,25
Сэндвич_batch_73,Смешивание,398,408,10
Сэндвич_batch_75,Комбинирование,398,419,21
Сэндвич_batch_74,Смешивание,400,410,10
Сэндвич_batch_76,Комбинирование,400,421,21
Плетенка_batch_65,Остывание,408,468,60
Сэндвич_batch_73,Формовка,408,419,11
Сэндвич_batch_74,Формовка,410,421,11
Семейный_batch_68,Выпекание,412,429,17
Семейный_batch_67,Остывание,413,473,60
Славянский_batch_71,Выпекание,413,430,17
Зерновой Столичный_batch_72,Выпекание,416,433,17
Семейный_batch_69,Выпекание,417,434,17
Сэндвич_batch_73,Расстойка,419,444,25
Сэндвич_batch_75,Смешивание,419,429,10
Сэндвич_batch_77,Комбинирование,419,440,21
Сэндвич_batch_74,Расстойка,421,446,25
Сэндвич_batch_76,Смешивание,421,431,10
Сэндвич_batch_78,Комбинирование,421,442,21
Семейный_batch_70,Выпекание,423,440,17
Семейный_batch_68,Остывание,429,489,60
Сэндвич_batch_75,Формовка,429,440,11
Славянский_batch_71,Остывание,430,490,60
Сэндвич_batch_76,Формовка,431,442,11
Зерновой Столичный_batch_72,Остывание,433,493,60
Семейный_batch_69,Остывание,434,494,60
Семейный_batch_70,Остывание,440,500,60
Сэндвич_batch_75,Расстойка,440,465,25
Сэндвич_batch_77,Смешивание,440,450,10
Сэндвич_batch_79,Комбинирование,440,461,21
Сэндвич_batch_76,Расстойка,442,467,25
Сэндвич_batch_78,Смешивание,442,452,10
Сэндвич_batch_80,Комбинирование,442,463,21
Сэндвич_batch_73,Выпекание,444,466,22
Сэндвич_batch_74,Выпекание,446,468,22
Сэндвич_batch_77,Формовка,450,461,11
Сэндвич_batch_78,Формовка,452,463,11
Сэндвич_batch_77,Расстойка,461,486,25
Сэндвич_batch_79,Смешивание,461,471,10
Сэндвич_batch_81,Комбинирование,461,482,21
Сэндвич_batch_78,Расстойка,463,488,25
Сэндвич_batch_80,Смешивание,463,473,10
Сэндвич_batch_82,Комбинирование,463,484,21
Сэндвич_batch_75,Выпекание,465,487,22
Сэндвич_batch_73,Остывание,466,511,45
Сэндвич_batch_76,Выпекание,467,489,22
Сэндвич_batch_74,Остывание,468,513,45
Сэндвич_batch_79,Формовка,471,482,11
Сэндвич_batch_80,Формовка,473,484,11
Сэндвич_batch_79,Расстойка,482,507,25
Сэндвич_batch_81,Смешивание,482,492,10
Сэндвич_batch_83,Комбинирование,482,503,21
Сэндвич_batch_80,Расстойка,484,509,25
Сэндвич_batch_82,Смешивание,484,494,10
Сэндвич_batch_84,Комбинирование,484,505,21
Сэндвич_batch_77,Выпекание,486,508,22
Сэндвич_batch_75,Остывание,487,532,45
Сэндвич_batch_78,Выпекание,488,510,22
Сэндвич_batch_76,Остывание,489,534,45
Сэндвич_batch_81,Формовка,492,503,11
Сэндвич_batch_82,Формовка,494,505,11
Сэндвич_batch_81,Расстойка,503,528,25
Сэндвич_batch_83,Смешивание,503,513,10
Сэндвич_batch_85,Комбинирование,503,524,21
Сэндвич_batch_82,Расстойка,505,530,25
Сэндвич_batch_84,Смешивание,505,515,10
Сэндвич_batch_86,Комбинирование,505,526,21
Сэндвич_batch_79,Выпекание,507,529,22
Сэндвич_batch_77,Остывание,508,553,45
Сэндвич_batch_80,Выпекание,509,531,22
Сэндвич_batch_78,Остывание,510,555,45
Сэндвич_batch_83,Формовка,513,524,11
Сэндвич_batch_84,Формовка,515,526,11
Сэндвич_batch_83,Расстойка,524,549,25
Сэндвич_batch_85,Смешивание,524,534,10
Сэндвич_batch_87,Комбинирование,524,545,21
Сэндвич_batch_84,Расстойка,526,551,25
Сэндвич_batch_86,Смешивание,526,536,10
Сэндвич_batch_88,Комбинирование,526,547,21
Сэндвич_batch_81,Выпекание,528,550,22
Сэндвич_batch_79,Остывание,529,574,45
Сэндвич_batch_82,Выпекание,530,552,22
Сэндвич_batch_80,Остывание,531,576,45
Сэндвич_batch_85,Формовка,534,545,11
Сэндвич_batch_86,Формовка,536,547,11
Сэндвич_batch_85,Расстойка,545,570,25
Сэндвич_batch_87,Смешивание,545,555,10
Сэндвич_batch_89,Комбинирование,545,566,21
Сэндвич_batch_86,Расстойка,547,572,25
Сэндвич_batch_88,Смешивание,547,557,10
Сэндвич_batch_90,Комбинирование,547,568,21
Сэндвич_batch_83,Выпекание,549,571,22
Сэндвич_batch_81,Остывание,550,595,45
Сэндвич_batch_84,Выпекание,551,573,22
Сэндвич_batch_82,Остывание,552,597,45
Сэндвич_batch_87,Формовка,555,566,11
Сэндвич_batch_88,Формовка,557,568,11
Сэндвич_batch_87,Расстойка,566,591,25
Сэндвич_batch_89,Смешивание,566,576,10
Сэндвич_batch_91,Комбинирование,566,587,21
Сэндвич_batch_88,Расстойка,568,593,25
Сэндвич_batch_90,Смешивание,568,578,10
Сэндвич_batch_92,Комбинирование,568,589,21
Сэндвич_batch_85,Выпекание,570,592,22
Сэндвич_batch_83,Остывание,571,616,45
Сэндвич_batch_86,Выпекание,572,594,22
Сэндвич_batch_84,Остывание,573,618,45
Сэндвич_batch_89,Формовка,576,587,11
Сэндвич_batch_90,Формовка,578,589,11
Сэндвич_batch_89,Расстойка,587,612,25
Сэндвич_batch_91,Смешивание,587,597,10
Сэндвич_batch_93,Комбинирование,587,608,21
Сэндвич_batch_90,Расстойка,589,614,25
Сэндвич_batch_92,Смешивание,589,599,10
Сэндвич_batch_94,Комбинирование,589,610,21
Сэндвич_batch_87,Выпекание,591,613,22
Сэндвич_batch_85,Остывание,592,637,45
Сэндвич_batch_88,Выпекание,593,615,22
Сэндвич_batch_86,Остывание,594,639,45
Сэндвич_batch_91,Формовка,597,608,11
Сэндвич_batch_92,Формовка,599,610,11
Сэндвич_batch_91,Расстойка,608,633,25
Сэндвич_batch_93,Смешивание,608,618,10
Сэндвич_batch_95,Комбинирование,608,629,21
Сэндвич_batch_92,Расстойка,610,635,25
Сэндвич_batch_94,Смешивание,610,620,10
Сэндвич_batch_96,Комбинирование,610,631,21
Сэндвич_batch_89,Выпекание,612,634,22
Сэндвич_batch_87,Остывание,613,658,45
Сэндвич_batch_90,Выпекание,614,636,22
Сэндвич_batch_88,Остывание,615,660,45
Сэндвич_batch_93,Формовка,618,629,11
Сэндвич_batch_94,Формовка,620,631,11
Сэндвич_batch_93,Расстойка,629,654,25
Сэндвич_batch_95,Смешивание,629,639,10
Сэндвич_batch_97,Комбинирование,629,650,21
Сэндвич_batch_94,Расстойка,631,656,25
Сэндвич_batch_96,Смешивание,631,641,10
Сэндвич_batch_98,Комбинирование,631,652,21
Сэндвич_batch_91,Выпекание,633,655,22
Сэндвич_batch_89,Остывание,634,679,45
Сэндвич_batch_92,Выпекание,635,657,22
Сэндвич_batch_90,Остывание,636,681,45
Сэндвич_batch_95,Формовка,639,650,11
Сэндвич_batch_96,Формовка,641,652,11
Сэндвич_batch_95,Расстойка,650,675,25
Сэндвич_batch_97,Смешивание,650,660,10
Сэндвич_batch_99,Комбинирование,650,671,21
Сэндвич_batch_100,Комбинирование,652,673,21
Сэндвич_batch_96,Расстойка,652,677,25
Сэндвич_batch_98,Смешивание,652,662,10
Сэндвич_batch_93,Выпекание,654,676,22
Сэндвич_batch_91,Остывание,655,700,45
Сэндвич_batch_94,Выпекание,656,678,22
Сэндвич_batch_92,Остывание,657,702,45
Сэндвич_batch_97,Формовка,660,671,11
Сэндвич_batch_98,Формовка,662,673,11
Сэндвич_batch_101,Комбинирование,671,692,21
Сэндвич_batch_97,Расстойка,671,696,25
Сэндвич_batch_99,Смешивание,671,681,10
Сэндвич_batch_100,Смешивание,673,683,10
Сэндвич_batch_102,Комбинирование,673,694,21
Сэндвич_batch_98,Расстойка,673,698,25
Сэндвич_batch_95,Выпекание,675,697,22
Сэндвич_batch_93,Остывание,676,721,45
Сэндвич_batch_96,Выпекание,677,699,22
Сэндвич_batch_94,Остывание,678,723,45
Сэндвич_batch_99,Формовка,681,692,11
Сэндвич_batch_100,Формовка,683,694,11
Сэндвич_batch_101,Смешивание,692,702,10
Сэндвич_batch_103,Комбинирование,692,713,21
Сэндвич_batch_99,Расстойка,692,717,25
Сэндвич_batch_100,Расстойка,694,719,25
Сэндвич_batch_102,Смешивание,694,704,10
Сэндвич_batch_104,Комбинирование,694,715,21
Сэндвич_batch_97,Выпекание,696,718,22
Сэндвич_batch_95,Остывание,697,742,45
Сэндвич_batch_98,Выпекание,698,720,22
Сэндвич_batch_96,Остывание,699,744,45
Сэндвич_batch_101,Формовка,702,713,11
Сэндвич_batch_102,Формовка,704,715,11
Сэндвич_batch_101,Расстойка,713,738,25
Сэндвич_batch_103,Смешивание,713,723,10
Сэндвич_batch_105,Комбинирование,713,720,7
Сэндвич_batch_102,Расстойка,715,740,25
Сэндвич_batch_104,Смешивание,715,725,10
Хлеб «Тартин бездрожжевой»_batch_106,Комбинирование,715,719,4
Сэндвич_batch_99,Выпекание,717,739,22
Сэндвич_batch_97,Остывание,718,763,45
Сэндвич_batch_100,Выпекание,719,741,22
Хлеб «Зерновой»_batch_107,Комбинирование,719,740,21
Хлеб «Тартин бездрожжевой»_batch_106,Смешивание,719,729,10
Сэндвич_batch_98,Остывание,720,765,45
Хлеб «Зерновой»_batch_108,Комбинирование,720,730,10
Сэндвич_batch_103,Формовка,723,734,11
Сэндвич_batch_105,Смешивание,723,733,10
Сэндвич_batch_104,Формовка,725,736,11
Хлеб «Зерновой»_batch_108,Смешивание,730,740,10
Чиабатта_batch_109,Комбинирование,730,734,4
Булочка для гамбургера большой с кунжутом_batch_110,Комбинирование,734,755,21
Сэндвич_batch_103,Расстойка,734,759,25
Хлеб «Тартин бездрожжевой»_batch_106,Формовка,734,736,2
Чиабатта_batch_109,Смешивание,734,744,10
Сэндвич_batch_104,Расстойка,736,761,25
Сэндвич_batch_105,Формовка,736,740,4
Хлеб «Тартин бездрожжевой»_batch_106,Расстойка,736,756,20
Сэндвич_batch_101,Выпекание,738,760,22
Сэндвич_batch_99,Остывание,739,784,45
Булочка для гамбургера большой с кунжутом_batch_111,Комбинирование,740,761,21
Сэндвич_batch_102,Выпекание,740,762,22
Сэндвич_batch_105,Расстойка,740,765,25
Хлеб «Зерновой»_batch_107,Смешивание,740,750,10
Хлеб «Зерновой»_batch_108,Формовка,740,745,5
Сэндвич_batch_100,Остывание,741,786,45
Чиабатта_batch_109,Формовка,744,746,2
Хлеб «Зерновой»_batch_108,Расстойка,745,770,25
Чиабатта_batch_109,Расстойка,746,771,25
Хлеб «Зерновой»_batch_107,Формовка,750,761,11
Булочка для гамбургера большой с кунжутом_batch_110,Смешивание,755,765,10
Булочка для гамбургера большой с кунжутом_batch_112,Комбинирование,755,776,21
Хлеб «Тартин бездрожжевой»_batch_106,Выпекание,756,772,16
Сэндвич_batch_103,Выпекание,759,781,22
Сэндвич_batch_101,Остывание,760,805,45
Булочка для гамбургера большой с кунжутом_batch_111,Смешивание,761,771,10
Булочка для гамбургера большой с кунжутом_batch_113,Комбинирование,761,782,21
Сэндвич_batch_104,Выпекание,761,783,22
Хлеб «Зерновой»_batch_107,Расстойка,761,786,25
Сэндвич_batch_102,Остывание,762,807,45
Булочка для гамбургера большой с кунжутом_batch_110,Формовка,765,776,11
Сэндвич_batch_105,Выпекание,765,787,22
Хлеб «Зерновой»_batch_108,Выпекание,770,795,25
Булочка для гамбургера большой с кунжутом_batch_111,Формовка,771,782,11
Чиабатта_batch_109,Выпекание,771,796,25
Хлеб «Тартин бездрожжевой»_batch_106,Остывание,772,832,60
Булочка для гамбургера большой с кунжутом_batch_110,Расстойка,776,801,25
Булочка для гамбургера большой с кунжутом_batch_112,Смешивание,776,786,10
Булочка для гамбургера большой с кунжутом_batch_114,Комбинирование,776,797,21
Сэндвич_batch_103,Остывание,781,826,45
Булочка для гамбургера большой с кунжутом_batch_111,Расстойка,782,807,25
Булочка для гамбургера большой с кунжутом_batch_113,Смешивание,782,792,10
Булочка для гамбургера большой с кунжутом_batch_115,Комбинирование,782,797,15
Сэндвич_batch_104,Остывание,783,828,45
Булочка для гамбургера большой с кунжутом_batch_112,Формовка,786,797,11
Хлеб «Зерновой»_batch_107,Выпекание,786,811,25
Сэндвич_batch_105,Остывание,787,832,45
Булочка для гамбургера большой с кунжутом_batch_113,Формовка,792,803,11
Хлеб «Зерновой»_batch_108,Остывание,795,870,75
Чиабатта_batch_109,Остывание,796,871,75
Булочка для гамбургера большой с кунжутом_batch_112,Расстойка,797,822,25
Булочка для гамбургера большой с кунжутом_batch_114,Смешивание,797,807,10
Булочка для гамбургера большой с кунжутом_batch_115,Смешивание,797,807,10
Булочка для хотдога штучно_batch_116,Комбинирование,797,818,21
Булочка для хотдога штучно_batch_117,Комбинирование,797,818,21
Булочка для гамбургера большой с кунжутом_batch_110,Выпекание,801,823,22
Булочка для гамбургера большой с кунжутом_batch_113,Расстойка,803,828,25
Булочка для гамбургера большой с кунжутом_batch_111,Выпекание,807,829,22
Булочка для гамбургера большой с кунжутом_batch_114,Формовка,807,818,11
Булочка для гамбургера большой с кунжутом_batch_115,Формовка,807,815,8
Хлеб «Зерновой»_batch_107,Остывание,811,886,75
Булочка для гамбургера большой с кунжутом_batch_115,Расстойка,815,840,25
Булочка для гамбургера большой с кунжутом_batch_114,Расстойка,818,843,25
Булочка для хотдога штучно_batch_116,Смешивание,818,828,10
Булочка для хотдога штучно_batch_117,Смешивание,818,828,10
Булочка для хотдога штучно_batch_118,Комбинирование,818,839,21
Булочка для хотдога штучно_batch_119,Комбинирование,818,839,21
Булочка для гамбургера большой с кунжутом_batch_112,Выпекание,822,844,22
Булочка для гамбургера большой с кунжутом_batch_110,Остывание,823,868,45
Булочка для гамбургера большой с кунжутом_batch_113,Выпекание,828,850,22
Булочка для хотдога штучно_batch_116,Формовка,828,839,11
Булочка для хотдога штучно_batch_117,Формовка,828,839,11
Булочка для гамбургера большой с кунжутом_batch_111,Остывание,829,874,45
Булочка для хотдога штучно_batch_116,Расстойка,839,864,25
Булочка для хотдога штучно_batch_117,Расстойка,839,864,25
Булочка для хотдога штучно_batch_118,Смешивание,839,849,10
Булочка для хотдога штучно_batch_119,Смешивание,839,849,10
Булочка для хотдога штучно_batch_120,Комбинирование,839,860,21
Булочка для хотдога штучно_batch_121,Комбинирование,839,860,21
Булочка для гамбургера большой с кунжутом_batch_115,Выпекание,840,862,22
Булочка для гамбургера большой с кунжутом_batch_114,Выпекание,843,865,22
Булочка для гамбургера большой с кунжутом_batch_112,Остывание,844,889,45
Булочка для хотдога штучно_batch_118,Формовка,849,860,11
Булочка для хотдога штучно_batch_119,Формовка,849,860,11
Булочка для гамбургера большой с кунжутом_batch_113,Остывание,850,895,45
Булочка для хотдога штучно_batch_118,Расстойка,860,885,25
Булочка для хотдога штучно_batch_119,Расстойка,860,885,25
Булочка для хотдога штучно_batch_120,Смешивание,860,870,10
Булочка для хотдога штучно_batch_121,Смешивание,860,870,10
Булочка для хотдога штучно_batch_122,Комбинирование,860,881,21
Булочка для хотдога штучно_batch_123,Комбинирование,860,862,2
Булочка для гамбургера большой с кунжутом_batch_115,Остывание,862,907,45
Булочка для хотдога штучно_batch_123,Смешивание,862,872,10
Датский_batch_124,Комбинирование,862,869,7
Булочка для хотдога штучно_batch_116,Выпекание,864,886,22
Булочка для хотдога штучно_batch_117,Выпекание,864,886,22
Булочка для гамбургера большой с кунжутом_batch_114,Остывание,865,910,45
Баварский Деревенский Ржаной_batch_125,Комбинирование,869,872,3
Булочка для хотдога штучно_batch_120,Формовка,870,881,11
Булочка для хотдога штучно_batch_121,Формовка,870,881,11
Датский_batch_124,Смешивание,870,880,10
Баварский Деревенский Ржаной_batch_125,Смешивание,872,882,10
Батон Нарезной_batch_42,Комбинирование,872,893,21
Батон Нарезной_batch_43,Комбинирование,881,902,21
Булочка для хотдога штучно_batch_120,Расстойка,881,906,25
Булочка для хотдога штучно_batch_121,Расстойка,881,906,25
Булочка для хотдога штучно_batch_122,Смешивание,881,891,10
Булочка для хотдога штучно_batch_123,Формовка,881,882,1
Датский_batch_124,Формовка,881,885,4
Баварский Деревенский Ржаной_batch_125,Формовка,882,884,2
Булочка для хотдога штучно_batch_123,Расстойка,882,907,25
Баварский Деревенский Ржаной_batch_125,Расстойка,884,914,30
Булочка для хотдога штучно_batch_118,Выпекание,885,907,22
Булочка для хотдога штучно_batch_119,Выпекание,885,907,22
Датский_batch_124,Расстойка,885,910,25
Булочка для хотдога штучно_batch_116,Остывание,886,931,45
Булочка для хотдога штучно_batch_117,Остывание,886,931,45
Булочка для хотдога штучно_batch_122,Формовка,891,902,11
Батон Нарезной_batch_42,Смешивание,893,903,10
Формовой_batch_10,Комбинирование,893,914,21
Батон Нарезной_batch_43,Смешивание,902,912,10
Булочка для хотдога штучно_batch_122,Расстойка,902,927,25
Формовой_batch_11,Комбинирование,902,923,21
Батон Нарезной_batch_42,Формовка,903,914,11
Булочка для хотдога штучно_batch_120,Выпекание,906,928,22
Булочка для хотдога штучно_batch_121,Выпекание,906,928,22
Булочка для хотдога штучно_batch_118,Остывание,907,952,45
Булочка для хотдога штучно_batch_119,Остывание,907,952,45
Булочка для хотдога штучно_batch_123,Выпекание,907,929,22
Датский_batch_124,Выпекание,910,927,17
Батон Нарезной_batch_43,Формовка,912,923,11
Баварский Деревенский Ржаной_batch_125,Выпекание,914,932,18
Батон Нарезной_batch_42,Расстойка,914,939,25
Формовой_batch_10,Смешивание,914,926,12
Формовой_batch_12,Комбинирование,914,935,21
Батон Нарезной_batch_43,Расстойка,923,948,25
Формовой_batch_11,Смешивание,923,935,12
Формовой_batch_13,Комбинирование,923,944,21
Формовой_batch_10,Формовка,926,937,11
Булочка для хотдога штучно_batch_122,Выпекание,927,949,22
Датский_batch_124,Остывание,927,987,60
Булочка для хотдога штучно_batch_120,Остывание,928,973,45
Булочка для хотдога штучно_batch_121,Остывание,928,973,45
Булочка для хотдога штучно_batch_123,Остывание,929,974,45
Баварский Деревенский Ржаной_batch_125,Остывание,932,1022,90
Формовой_batch_11,Формовка,935,946,11
Формовой_batch_12,Смешивание,935,947,12
Формовой_batch_14,Комбинирование,935,956,21
Формовой_batch_10,Расстойка,937,962,25
Батон Нарезной_batch_42,Выпекание,939,956,17
Формовой_batch_13,Смешивание,944,956,12
Формовой_batch_15,Комбинирование,944,965,21
Формовой_batch_11,Расстойка,946,971,25
Формовой_batch_12,Формовка,947,958,11
Батон Нарезной_batch_43,Выпекание,948,965,17
Булочка для хотдога штучно_batch_122,Остывание,949,994,45
Батон Нарезной_batch_42,Остывание,956,1016,60
Формовой_batch_13,Формовка,956,967,11
Формовой_batch_14,Смешивание,956,968,12
Формовой_batch_16,Комбинирование,956,977,21
Формовой_batch_12,Расстойка,958,983,25
Формовой_batch_10,Выпекание,962,1007,45
Батон Нарезной_batch_43,Остывание,965,1025,60
Формовой_batch_15,Смешивание,965,977,12
Формовой_batch_17,Комбинирование,965,986,21
Формовой_batch_13,Расстойка,967,992,25
Формовой_batch_14,Формовка,968,979,11
Формовой_batch_11,Выпекание,971,1016,45
Формовой_batch_15,Формовка,977,988,11
Формовой_batch_16,Смешивание,977,989,12
Формовой_batch_18,Комбинирование,977,998,21
Формовой_batch_14,Расстойка,979,1004,25
Формовой_batch_12,Выпекание,983,1028,45
Формовой_batch_17,Смешивание,986,998,12
Формовой_batch_19,Комбинирование,986,1007,21
Формовой_batch_15,Расстойка,988,1013,25
Формовой_batch_16,Формовка,989,1000,11
Формовой_batch_13,Выпекание,992,1037,45
Формовой_batch_17,Формовка,998,1009,11
Формовой_batch_18,Смешивание,998,1010,12
Формовой_batch_20,Комбинирование,998,1019,21
Формовой_batch_16,Расстойка,1000,1025,25
Формовой_batch_14,Выпекание,1004,1049,45
Формовой_batch_10,Остывание,1007,1097,90
Формовой_batch_19,Смешивание,1007,1019,12
Формовой_batch_21,Комбинирование,1007,1028,21
Формовой_batch_17,Расстойка,1009,1034,25
Формовой_batch_18,Формовка,1010,1021,11
Формовой_batch_15,Выпекание,1013,1058,45
Формовой_batch_11,Остывание,1016,1106,90
Формовой_batch_19,Формовка,1019,1030,11
Формовой_batch_20,Смешивание,1019,1031,12
Формовой_batch_22,Комбинирование,1019,1040,21
Формовой_batch_18,Расстойка,1021,1046,25
Формовой_batch_16,Выпекание,1025,1070,45
Формовой_batch_12,Остывание,1028,1118,90
Формовой_batch_21,Смешивание,1028,1040,12
Формовой_batch_23,Комбинирование,1028,1029,1
Мини формовой_batch_24,Комбинирование,1029,1050,21
Формовой_batch_23,Смешивание,1029,1041,12
Формовой_batch_19,Расстойка,1030,1055,25
Формовой_batch_20,Формовка,1031,1042,11
Формовой_batch_17,Выпекание,1034,1079,45
Формовой_batch_13,Остывание,1037,1127,90
Формовой_batch_21,Формовка,1040,1051,11
Формовой_batch_22,Смешивание,1040,1052,12
Формовой_batch_4,Комбинирование,1040,1061,21
Формовой_batch_20,Расстойка,1042,1067,25
Формовой_batch_23,Формовка,1042,1043,1
Формовой_batch_23,Расстойка,1043,1068,25
Формовой_batch_18,Выпекание,1046,1091,45
Формовой_batch_14,Остывание,1049,1139,90
Мини формовой_batch_24,Смешивание,1050,1062,12
Формовой_batch_5,Комбинирование,1050,1071,21
Формовой_batch_21,Расстойка,1051,1076,25
Формовой_batch_22,Формовка,1052,1063,11
Формовой_batch_19,Выпекание,1055,1100,45
Формовой_batch_15,Остывание,1058,1148,90
Формовой_batch_4,Смешивание,1061,1073,12
Формовой_batch_6,Комбинирование,1061,1082,21
Мини формовой_batch_24,Формовка,1062,1073,11
Формовой_batch_22,Расстойка,1063,1088,25
Формовой_batch_20,Выпекание,1067,1112,45
Формовой_batch_23,Выпекание,1068,1113,45
Формовой_batch_16,Остывание,1070,1160,90
Формовой_batch_5,Смешивание,1071,1083,12
Формовой_batch_7,Комбинирование,1071,1092,21
Мини формовой_batch_24,Расстойка,1073,1098,25
Формовой_batch_4,Формовка,1073,1084,11
Формовой_batch_21,Выпекание,1076,1121,45
Формовой_batch_17,Остывание,1079,1169,90
Формовой_batch_6,Смешивание,1082,1094,12
Формовой_batch_8,Комбинирование,1082,1103,21
Формовой_batch_5,Формовка,1083,1094,11
Формовой_batch_4,Расстойка,1084,1109,25
Формовой_batch_22,Выпекание,1088,1133,45
Формовой_batch_18,Остывание,1091,1181,90
Формовой_batch_7,Смешивание,1092,1104,12
Формовой_batch_9,Комбинирование,1092,1113,21
Формовой_batch_5,Расстойка,1094,1119,25
Формовой_batch_6,Формовка,1094,1105,11
Мини формовой_batch_24,Выпекание,1098,1143,45
Формовой_batch_19,Остывание,1100,1190,90
Формовой_batch_2,Комбинирование,1103,1124,21
Формовой_batch_8,Смешивание,1103,1115,12
Формовой_batch_7,Формовка,1104,1115,11
Формовой_batch_6,Расстойка,1105,1130,25
Формовой_batch_4,Выпекание,1109,1154,45
Формовой_batch_20,Остывание,1112,1202,90
Формовой_batch_23,Остывание,1113,1203,90
Формовой_batch_3,Комбинирование,1113,1134,21
Формовой_batch_9,Смешивание,1113,1125,12
Формовой_batch_7,Расстойка,1115,1140,25
Формовой_batch_8,Формовка,1115,1126,11
Формовой_batch_5,Выпекание,1119,1164,45
Формовой_batch_21,Остывание,1121,1211,90
Формовой_batch_0,Комбинирование,1124,1145,21
Формовой_batch_2,Смешивание,1124,1136,12
Формовой_batch_9,Формовка,1125,1136,11
Формовой_batch_8,Расстойка,1126,1151,25
Формовой_batch_6,Выпекание,1130,1175,45
Формовой_batch_22,Остывание,1133,1223,90
Формовой_batch_1,Комбинирование,1134,1155,21
Формовой_batch_3,Смешивание,1134,1146,12
Формовой_batch_2,Формовка,1136,1147,11
Формовой_batch_9,Расстойка,1136,1161,25
Формовой_batch_7,Выпекание,1140,1185,45
Мини формовой_batch_24,Остывание,1143,1233,90
Формовой_batch_0,Смешивание,1145,1157,12
Формовой_batch_3,Формовка,1146,1157,11
Формовой_batch_2,Расстойка,1147,1172,25
Формовой_batch_8,Выпекание,1151,1196,45
Формовой_batch_4,Остывание,1154,1244,90
Формовой_batch_1,Смешивание,1155,1167,12
Формовой_batch_0,Формовка,1157,1168,11
Формовой_batch_3,Расстойка,1157,1182,25
Формовой_batch_9,Выпекание,1161,1206,45
Формовой_batch_5,Остывание,1164,1254,90
Формовой_batch_1,Формовка,1167,1178,11
Формовой_batch_0,Расстойка,1168,1193,25
Формовой_batch_2,Выпекание,1172,1217,45
Формовой_batch_6,Остывание,1175,1265,90
Формовой_batch_1,Расстойка,1178,1203,25
Формовой_batch_3,Выпекание,1182,1227,45
Формовой_batch_7,Остывание,1185,1275,90
Формовой_batch_0,Выпекание,1193,1238,45
Формовой_batch_8,Остывание,1196,1286,90
Формовой_batch_1,Выпекание,1203,1248,45
Формовой_batch_9,Остывание,1206,1296,90
Формовой_batch_2,Остывание,1217,1307,90
Формовой_batch_3,Остывание,1227,1317,90
Формовой_batch_0,Остывание,1238,1328,90
Формовой_batch_1,Остывание,1248,1338,90
