Batch_ID,Stage,Start_Time_Min,End_Time_Min,Duration_Min
Багет отрубной_batch_42,Комбинирование,0,11,11
Премиум_batch_43,Комбинирование,0,3,3
Батон Верный_batch_44,Комбинирование,3,14,11
Премиум_batch_43,Смешивание,3,13,10
Багет отрубной_batch_42,Смешивание,11,21,10
Батон Нарезной_batch_45,Комбинирование,11,32,21
Премиум_batch_43,Формовка,13,15,2
Батон Верный_batch_44,Смешивание,14,24,10
Батон Нарезной_batch_46,Комбинирование,14,35,21
Премиум_batch_43,Расстойка,15,40,25
Багет отрубной_batch_42,Формовка,21,27,6
Батон Верный_batch_44,Формовка,24,30,6
Багет отрубной_batch_42,Расстойка,27,52,25
Батон Верный_batch_44,Расстойка,30,55,25
Батон Нарезной_batch_45,Смешивание,32,42,10
Батон Нарезной_batch_47,Комбинирование,32,53,21
Батон Нарезной_batch_46,Смешивание,35,45,10
Батон Нарезной_batch_48,Комбинирование,35,54,19
Премиум_batch_43,Выпекание,40,65,25
Батон Нарезной_batch_45,Формовка,42,53,11
Батон Нарезной_batch_46,Формовка,45,56,11
Багет отрубной_batch_42,Выпекание,52,70,18
Батон Нарезной_batch_45,Расстойка,53,78,25
Батон Нарезной_batch_47,Смешивание,53,63,10
Береке_batch_49,Комбинирование,53,74,21
Батон Нарезной_batch_48,Смешивание,54,64,10
Жайлы_batch_52,Комбинирование,54,72,18
Батон Верный_batch_44,Выпекание,55,72,17
Батон Нарезной_batch_46,Расстойка,56,81,25
Батон Нарезной_batch_47,Формовка,63,74,11
Батон Нарезной_batch_48,Формовка,64,74,10
Премиум_batch_43,Остывание,65,140,75
Багет отрубной_batch_42,Остывание,70,115,45
Батон Верный_batch_44,Остывание,72,132,60
Диета_batch_53,Комбинирование,72,93,21
Жайлы_batch_52,Смешивание,72,82,10
Батон Нарезной_batch_47,Расстойка,74,99,25
Батон Нарезной_batch_48,Расстойка,74,99,25
Береке_batch_49,Смешивание,74,84,10
Диета_batch_54,Комбинирование,74,95,21
Батон Нарезной_batch_45,Выпекание,78,95,17
Батон Нарезной_batch_46,Выпекание,81,98,17
Жайлы_batch_52,Формовка,82,92,10
Береке_batch_49,Формовка,84,95,11
Жайлы_batch_52,Расстойка,92,117,25
Диета_batch_53,Смешивание,93,103,10
Диета_batch_55,Комбинирование,93,114,21
Батон Нарезной_batch_45,Остывание,95,155,60
Береке_batch_49,Расстойка,95,115,20
Диета_batch_54,Смешивание,95,105,10
Диета_batch_56,Комбинирование,95,108,13
Батон Нарезной_batch_46,Остывание,98,158,60
Батон Нарезной_batch_47,Выпекание,99,116,17
Батон Нарезной_batch_48,Выпекание,99,116,17
Диета_batch_53,Формовка,103,114,11
Диета_batch_54,Формовка,105,116,11
Диета_batch_56,Смешивание,108,118,10
Здоровье_batch_57,Комбинирование,108,113,5
Здоровье_batch_57,Смешивание,113,123,10
Любимый_batch_58,Комбинирование,113,134,21
Диета_batch_53,Расстойка,114,152,38
Диета_batch_55,Смешивание,114,124,10
Любимый_batch_59,Комбинирование,114,135,21
Береке_batch_49,Выпекание,115,131,16
Батон Нарезной_batch_47,Остывание,116,176,60
Батон Нарезной_batch_48,Остывание,116,176,60
Диета_batch_54,Расстойка,116,154,38
Жайлы_batch_52,Выпекание,117,134,17
Диета_batch_56,Формовка,118,125,7
Здоровье_batch_57,Формовка,123,126,3
Диета_batch_55,Формовка,125,136,11
Диета_batch_56,Расстойка,125,163,38
Здоровье_batch_57,Расстойка,126,151,25
Береке_batch_49,Остывание,131,191,60
Жайлы_batch_52,Остывание,134,194,60
Любимый_batch_58,Смешивание,134,144,10
Любимый_batch_60,Комбинирование,134,155,21
Любимый_batch_59,Смешивание,135,145,10
Любимый_batch_61,Комбинирование,135,156,21
Диета_batch_55,Расстойка,136,174,38
Любимый_batch_58,Формовка,144,155,11
Любимый_batch_59,Формовка,145,156,11
Здоровье_batch_57,Выпекание,151,169,18
Диета_batch_53,Выпекание,152,187,35
Диета_batch_54,Выпекание,154,189,35
Любимый_batch_58,Расстойка,155,180,25
Любимый_batch_60,Смешивание,155,165,10
Любимый_batch_62,Комбинирование,155,176,21
Любимый_batch_59,Расстойка,156,181,25
Любимый_batch_61,Смешивание,156,166,10
Любимый_batch_63,Комбинирование,156,177,21
Диета_batch_56,Выпекание,163,198,35
Любимый_batch_60,Формовка,165,176,11
Любимый_batch_61,Формовка,166,177,11
Здоровье_batch_57,Остывание,169,229,60
Диета_batch_55,Выпекание,174,209,35
Любимый_batch_60,Расстойка,176,201,25
Любимый_batch_62,Смешивание,176,186,10
Любимый_batch_64,Комбинирование,176,197,21
Любимый_batch_61,Расстойка,177,202,25
Любимый_batch_63,Смешивание,177,187,10
Любимый_batch_65,Комбинирование,177,198,21
Любимый_batch_58,Выпекание,180,197,17
Любимый_batch_59,Выпекание,181,198,17
Любимый_batch_62,Формовка,186,197,11
Диета_batch_53,Остывание,187,277,90
Любимый_batch_63,Формовка,187,198,11
Диета_batch_54,Остывание,189,279,90
Любимый_batch_58,Остывание,197,257,60
Любимый_batch_62,Расстойка,197,222,25
Любимый_batch_64,Смешивание,197,207,10
Любимый_batch_66,Комбинирование,197,211,14
Диета_batch_56,Остывание,198,288,90
Любимый_batch_59,Остывание,198,258,60
Любимый_batch_63,Расстойка,198,223,25
Любимый_batch_65,Смешивание,198,208,10
Отрубной (общий)_batch_67,Комбинирование,198,219,21
Любимый_batch_60,Выпекание,201,218,17
Любимый_batch_61,Выпекание,202,219,17
Любимый_batch_64,Формовка,207,218,11
Любимый_batch_65,Формовка,208,219,11
Диета_batch_55,Остывание,209,299,90
Любимый_batch_66,Смешивание,211,221,10
Отрубной (общий)_batch_68,Комбинирование,211,232,21
Любимый_batch_60,Остывание,218,278,60
Любимый_batch_64,Расстойка,218,243,25
Любимый_batch_61,Остывание,219,279,60
Любимый_batch_65,Расстойка,219,244,25
Отрубной (общий)_batch_67,Смешивание,219,229,10
Отрубной (общий)_batch_69,Комбинирование,219,232,13
Любимый_batch_66,Формовка,221,228,7
Любимый_batch_62,Выпекание,222,239,17
Любимый_batch_63,Выпекание,223,240,17
Любимый_batch_66,Расстойка,228,253,25
Отрубной (общий)_batch_67,Формовка,229,240,11
Отрубной (общий)_batch_68,Смешивание,232,242,10
Отрубной (общий)_batch_69,Смешивание,232,242,10
Плетенка_batch_70,Комбинирование,232,253,21
Плетенка_batch_71,Комбинирование,232,235,3
Плетенка_batch_71,Смешивание,235,245,10
Семейный_batch_72,Комбинирование,235,256,21
Любимый_batch_62,Остывание,239,299,60
Любимый_batch_63,Остывание,240,300,60
Отрубной (общий)_batch_67,Расстойка,240,265,25
Отрубной (общий)_batch_68,Формовка,242,253,11
Отрубной (общий)_batch_69,Формовка,242,249,7
Любимый_batch_64,Выпекание,243,260,17
Любимый_batch_65,Выпекание,244,261,17
Отрубной (общий)_batch_69,Расстойка,249,274,25
Плетенка_batch_71,Формовка,249,251,2
Плетенка_batch_71,Расстойка,251,276,25
Любимый_batch_66,Выпекание,253,270,17
Отрубной (общий)_batch_68,Расстойка,253,278,25
Плетенка_batch_70,Смешивание,253,263,10
Семейный_batch_73,Комбинирование,253,274,21
Семейный_batch_72,Смешивание,256,266,10
Семейный_batch_74,Комбинирование,256,277,21
Любимый_batch_64,Остывание,260,320,60
Любимый_batch_65,Остывание,261,321,60
Плетенка_batch_70,Формовка,263,274,11
Отрубной (общий)_batch_67,Выпекание,265,282,17
Семейный_batch_72,Формовка,266,277,11
Любимый_batch_66,Остывание,270,330,60
Отрубной (общий)_batch_69,Выпекание,274,291,17
Плетенка_batch_70,Расстойка,274,299,25
Семейный_batch_73,Смешивание,274,284,10
Семейный_batch_75,Комбинирование,274,287,13
Плетенка_batch_71,Выпекание,276,293,17
Семейный_batch_72,Расстойка,277,302,25
Семейный_batch_74,Смешивание,277,287,10
Славянский_batch_76,Комбинирование,277,279,2
Отрубной (общий)_batch_68,Выпекание,278,295,17
Зерновой Столичный_batch_77,Комбинирование,279,283,4
Славянский_batch_76,Смешивание,279,289,10
Отрубной (общий)_batch_67,Остывание,282,342,60
Сэндвич_batch_78,Комбинирование,283,304,21
Зерновой Столичный_batch_77,Смешивание,284,294,10
Семейный_batch_73,Формовка,284,295,11
Семейный_batch_74,Формовка,287,298,11
Семейный_batch_75,Смешивание,287,297,10
Сэндвич_batch_79,Комбинирование,287,308,21
Отрубной (общий)_batch_69,Остывание,291,351,60
Плетенка_batch_71,Остывание,293,353,60
Отрубной (общий)_batch_68,Остывание,295,355,60
Семейный_batch_73,Расстойка,295,320,25
Славянский_batch_76,Формовка,295,296,1
Зерновой Столичный_batch_77,Формовка,296,299,3
Славянский_batch_76,Расстойка,296,321,25
Семейный_batch_74,Расстойка,298,323,25
Семейный_batch_75,Формовка,298,305,7
Зерновой Столичный_batch_77,Расстойка,299,324,25
Плетенка_batch_70,Выпекание,299,316,17
Семейный_batch_72,Выпекание,302,319,17
Сэндвич_batch_78,Смешивание,304,314,10
Сэндвич_batch_80,Комбинирование,304,325,21
Семейный_batch_75,Расстойка,305,330,25
Сэндвич_batch_79,Смешивание,308,318,10
Сэндвич_batch_81,Комбинирование,308,329,21
Сэндвич_batch_78,Формовка,314,325,11
Плетенка_batch_70,Остывание,316,376,60
Сэндвич_batch_79,Формовка,318,329,11
Семейный_batch_72,Остывание,319,379,60
Семейный_batch_73,Выпекание,320,337,17
Славянский_batch_76,Выпекание,321,338,17
Семейный_batch_74,Выпекание,323,340,17
Зерновой Столичный_batch_77,Выпекание,324,341,17
Сэндвич_batch_78,Расстойка,325,350,25
Сэндвич_batch_80,Смешивание,325,335,10
Сэндвич_batch_82,Комбинирование,325,346,21
Сэндвич_batch_79,Расстойка,329,354,25
Сэндвич_batch_81,Смешивание,329,339,10
Сэндвич_batch_83,Комбинирование,329,350,21
Семейный_batch_75,Выпекание,330,347,17
Сэндвич_batch_80,Формовка,335,346,11
Семейный_batch_73,Остывание,337,397,60
Славянский_batch_76,Остывание,338,398,60
Сэндвич_batch_81,Формовка,339,350,11
Семейный_batch_74,Остывание,340,400,60
Зерновой Столичный_batch_77,Остывание,341,401,60
Сэндвич_batch_80,Расстойка,346,371,25
Сэндвич_batch_82,Смешивание,346,356,10
Сэндвич_batch_84,Комбинирование,346,367,21
Семейный_batch_75,Остывание,347,407,60
Сэндвич_batch_78,Выпекание,350,372,22
Сэндвич_batch_81,Расстойка,350,375,25
Сэндвич_batch_83,Смешивание,350,360,10
Сэндвич_batch_85,Комбинирование,350,371,21
Сэндвич_batch_79,Выпекание,354,376,22
Сэндвич_batch_82,Формовка,356,367,11
Сэндвич_batch_83,Формовка,360,371,11
Сэндвич_batch_82,Расстойка,367,392,25
Сэндвич_batch_84,Смешивание,367,377,10
Сэндвич_batch_86,Комбинирование,367,388,21
Сэндвич_batch_80,Выпекание,371,393,22
Сэндвич_batch_83,Расстойка,371,396,25
Сэндвич_batch_85,Смешивание,371,381,10
Сэндвич_batch_87,Комбинирование,371,392,21
Сэндвич_batch_78,Остывание,372,417,45
Сэндвич_batch_81,Выпекание,375,397,22
Сэндвич_batch_79,Остывание,376,421,45
Сэндвич_batch_84,Формовка,377,388,11
Сэндвич_batch_85,Формовка,381,392,11
Сэндвич_batch_84,Расстойка,388,413,25
Сэндвич_batch_86,Смешивание,388,398,10
Сэндвич_batch_88,Комбинирование,388,409,21
Сэндвич_batch_82,Выпекание,392,414,22
Сэндвич_batch_85,Расстойка,392,417,25
Сэндвич_batch_87,Смешивание,392,402,10
Сэндвич_batch_89,Комбинирование,392,413,21
Сэндвич_batch_80,Остывание,393,438,45
Сэндвич_batch_83,Выпекание,396,418,22
Сэндвич_batch_81,Остывание,397,442,45
Сэндвич_batch_86,Формовка,398,409,11
Сэндвич_batch_87,Формовка,402,413,11
Сэндвич_batch_86,Расстойка,409,434,25
Сэндвич_batch_88,Смешивание,409,419,10
Сэндвич_batch_90,Комбинирование,409,430,21
Сэндвич_batch_84,Выпекание,413,435,22
Сэндвич_batch_87,Расстойка,413,438,25
Сэндвич_batch_89,Смешивание,413,423,10
Сэндвич_batch_91,Комбинирование,413,434,21
Сэндвич_batch_82,Остывание,414,459,45
Сэндвич_batch_85,Выпекание,417,439,22
Сэндвич_batch_83,Остывание,418,463,45
Сэндвич_batch_88,Формовка,419,430,11
Сэндвич_batch_89,Формовка,423,434,11
Сэндвич_batch_88,Расстойка,430,455,25
Сэндвич_batch_90,Смешивание,430,440,10
Сэндвич_batch_92,Комбинирование,430,451,21
Сэндвич_batch_86,Выпекание,434,456,22
Сэндвич_batch_89,Расстойка,434,459,25
Сэндвич_batch_91,Смешивание,434,444,10
Сэндвич_batch_93,Комбинирование,434,455,21
Сэндвич_batch_84,Остывание,435,480,45
Сэндвич_batch_87,Выпекание,438,460,22
Сэндвич_batch_85,Остывание,439,484,45
Сэндвич_batch_90,Формовка,440,451,11
Сэндвич_batch_91,Формовка,444,455,11
Сэндвич_batch_90,Расстойка,451,476,25
Сэндвич_batch_92,Смешивание,451,461,10
Сэндвич_batch_94,Комбинирование,451,472,21
Сэндвич_batch_88,Выпекание,455,477,22
Сэндвич_batch_91,Расстойка,455,480,25
Сэндвич_batch_93,Смешивание,455,465,10
Сэндвич_batch_95,Комбинирование,455,476,21
Сэндвич_batch_86,Остывание,456,501,45
Сэндвич_batch_89,Выпекание,459,481,22
Сэндвич_batch_87,Остывание,460,505,45
Сэндвич_batch_92,Формовка,461,472,11
Сэндвич_batch_93,Формовка,465,476,11
Сэндвич_batch_92,Расстойка,472,497,25
Сэндвич_batch_94,Смешивание,472,482,10
Сэндвич_batch_96,Комбинирование,472,493,21
Сэндвич_batch_90,Выпекание,476,498,22
Сэндвич_batch_93,Расстойка,476,501,25
Сэндвич_batch_95,Смешивание,476,486,10
Сэндвич_batch_97,Комбинирование,476,497,21
Сэндвич_batch_88,Остывание,477,522,45
Сэндвич_batch_91,Выпекание,480,502,22
Сэндвич_batch_89,Остывание,481,526,45
Сэндвич_batch_94,Формовка,482,493,11
Сэндвич_batch_95,Формовка,486,497,11
Сэндвич_batch_94,Расстойка,493,518,25
Сэндвич_batch_96,Смешивание,493,503,10
Сэндвич_batch_98,Комбинирование,493,514,21
Сэндвич_batch_92,Выпекание,497,519,22
Сэндвич_batch_95,Расстойка,497,522,25
Сэндвич_batch_97,Смешивание,497,507,10
Сэндвич_batch_99,Комбинирование,497,518,21
Сэндвич_batch_90,Остывание,498,543,45
Сэндвич_batch_93,Выпекание,501,523,22
Сэндвич_batch_91,Остывание,502,547,45
Сэндвич_batch_96,Формовка,503,514,11
Сэндвич_batch_97,Формовка,507,518,11
Сэндвич_batch_100,Комбинирование,514,535,21
Сэндвич_batch_96,Расстойка,514,539,25
Сэндвич_batch_98,Смешивание,514,524,10
Сэндвич_batch_101,Комбинирование,518,539,21
Сэндвич_batch_94,Выпекание,518,540,22
Сэндвич_batch_97,Расстойка,518,543,25
Сэндвич_batch_99,Смешивание,518,528,10
Сэндвич_batch_92,Остывание,519,564,45
Сэндвич_batch_95,Выпекание,522,544,22
Сэндвич_batch_93,Остывание,523,568,45
Сэндвич_batch_98,Формовка,524,535,11
Сэндвич_batch_99,Формовка,528,539,11
Сэндвич_batch_100,Смешивание,535,545,10
Сэндвич_batch_102,Комбинирование,535,556,21
Сэндвич_batch_98,Расстойка,535,560,25
Сэндвич_batch_101,Смешивание,539,549,10
Сэндвич_batch_103,Комбинирование,539,560,21
Сэндвич_batch_96,Выпекание,539,561,22
Сэндвич_batch_99,Расстойка,539,564,25
Сэндвич_batch_94,Остывание,540,585,45
Сэндвич_batch_97,Выпекание,543,565,22
Сэндвич_batch_95,Остывание,544,589,45
Сэндвич_batch_100,Формовка,545,556,11
Сэндвич_batch_101,Формовка,549,560,11
Сэндвич_batch_100,Расстойка,556,581,25
Сэндвич_batch_102,Смешивание,556,566,10
Сэндвич_batch_104,Комбинирование,556,577,21
Сэндвич_batch_101,Расстойка,560,585,25
Сэндвич_batch_103,Смешивание,560,570,10
Сэндвич_batch_105,Комбинирование,560,581,21
Сэндвич_batch_98,Выпекание,560,582,22
Сэндвич_batch_96,Остывание,561,606,45
Сэндвич_batch_99,Выпекание,564,586,22
Сэндвич_batch_97,Остывание,565,610,45
Сэндвич_batch_102,Формовка,566,577,11
Сэндвич_batch_103,Формовка,570,581,11
Сэндвич_batch_102,Расстойка,577,602,25
Сэндвич_batch_104,Смешивание,577,587,10
Сэндвич_batch_106,Комбинирование,577,598,21
Сэндвич_batch_100,Выпекание,581,603,22
Сэндвич_batch_103,Расстойка,581,606,25
Сэндвич_batch_105,Смешивание,581,591,10
Сэндвич_batch_107,Комбинирование,581,602,21
Сэндвич_batch_98,Остывание,582,627,45
Сэндвич_batch_101,Выпекание,585,607,22
Сэндвич_batch_99,Остывание,586,631,45
Сэндвич_batch_104,Формовка,587,598,11
Сэндвич_batch_105,Формовка,591,602,11
Сэндвич_batch_104,Расстойка,598,623,25
Сэндвич_batch_106,Смешивание,598,608,10
Сэндвич_batch_108,Комбинирование,598,619,21
Сэндвич_batch_102,Выпекание,602,624,22
Сэндвич_batch_105,Расстойка,602,627,25
Сэндвич_batch_107,Смешивание,602,612,10
Сэндвич_batch_109,Комбинирование,602,623,21
Сэндвич_batch_100,Остывание,603,648,45
Сэндвич_batch_103,Выпекание,606,628,22
Сэндвич_batch_101,Остывание,607,652,45
Сэндвич_batch_106,Формовка,608,619,11
Сэндвич_batch_107,Формовка,612,623,11
Сэндвич_batch_106,Расстойка,619,644,25
Сэндвич_batch_108,Смешивание,619,629,10
Сэндвич_batch_110,Комбинирование,619,640,21
Сэндвич_batch_104,Выпекание,623,645,22
Сэндвич_batch_107,Расстойка,623,648,25
Сэндвич_batch_109,Смешивание,623,633,10
Сэндвич_batch_111,Комбинирование,623,644,21
Сэндвич_batch_102,Остывание,624,669,45
Сэндвич_batch_105,Выпекание,627,649,22
Сэндвич_batch_103,Остывание,628,673,45
Сэндвич_batch_108,Формовка,629,640,11
Сэндвич_batch_109,Формовка,633,644,11
Сэндвич_batch_108,Расстойка,640,665,25
Сэндвич_batch_110,Смешивание,640,650,10
Сэндвич_batch_112,Комбинирование,640,661,21
Сэндвич_batch_106,Выпекание,644,666,22
Сэндвич_batch_109,Расстойка,644,669,25
Сэндвич_batch_111,Смешивание,644,654,10
Сэндвич_batch_113,Комбинирование,644,665,21
Сэндвич_batch_104,Остывание,645,690,45
Сэндвич_batch_107,Выпекание,648,670,22
Сэндвич_batch_105,Остывание,649,694,45
Сэндвич_batch_110,Формовка,650,661,11
Сэндвич_batch_111,Формовка,654,665,11
Сэндвич_batch_110,Расстойка,661,686,25
Сэндвич_batch_112,Смешивание,661,671,10
Сэндвич_batch_114,Комбинирование,661,682,21
Сэндвич_batch_108,Выпекание,665,687,22
Сэндвич_batch_111,Расстойка,665,690,25
Сэндвич_batch_113,Смешивание,665,675,10
Сэндвич_batch_115,Комбинирование,665,686,21
Сэндвич_batch_106,Остывание,666,711,45
Сэндвич_batch_109,Выпекание,669,691,22
Сэндвич_batch_107,Остывание,670,715,45
Сэндвич_batch_112,Формовка,671,682,11
Сэндвич_batch_113,Формовка,675,686,11
Сэндвич_batch_112,Расстойка,682,707,25
Сэндвич_batch_114,Смешивание,682,692,10
Сэндвич_batch_116,Комбинирование,682,689,7
Сэндвич_batch_110,Выпекание,686,708,22
Сэндвич_batch_113,Расстойка,686,711,25
Сэндвич_batch_115,Смешивание,686,696,10
Хлеб «Тартин бездрожжевой»_batch_117,Комбинирование,686,690,4
Сэндвич_batch_108,Остывание,687,732,45
Сэндвич_batch_116,Смешивание,689,699,10
Хлеб «Зерновой»_batch_118,Комбинирование,689,710,21
Сэндвич_batch_111,Выпекание,690,712,22
Хлеб «Зерновой»_batch_119,Комбинирование,690,700,10
Сэндвич_batch_109,Остывание,691,736,45
Сэндвич_batch_114,Формовка,692,703,11
Хлеб «Тартин бездрожжевой»_batch_117,Смешивание,692,702,10
Сэндвич_batch_115,Формовка,696,707,11
Хлеб «Зерновой»_batch_119,Смешивание,700,710,10
Чиабатта_batch_120,Комбинирование,700,704,4
Сэндвич_batch_114,Расстойка,703,728,25
Сэндвич_batch_116,Формовка,703,707,4
Булочка для гамбургера большой с кунжутом_batch_121,Комбинирование,704,725,21
Чиабатта_batch_120,Смешивание,704,714,10
Сэндвич_batch_112,Выпекание,707,729,22
Сэндвич_batch_115,Расстойка,707,732,25
Сэндвич_batch_116,Расстойка,707,732,25
Хлеб «Тартин бездрожжевой»_batch_117,Формовка,707,709,2
Сэндвич_batch_110,Остывание,708,753,45
Хлеб «Тартин бездрожжевой»_batch_117,Расстойка,709,729,20
Булочка для гамбургера большой с кунжутом_batch_122,Комбинирование,710,731,21
Хлеб «Зерновой»_batch_118,Смешивание,710,720,10
Хлеб «Зерновой»_batch_119,Формовка,710,715,5
Сэндвич_batch_113,Выпекание,711,733,22
Сэндвич_batch_111,Остывание,712,757,45
Чиабатта_batch_120,Формовка,714,716,2
Хлеб «Зерновой»_batch_119,Расстойка,715,740,25
Чиабатта_batch_120,Расстойка,716,741,25
Хлеб «Зерновой»_batch_118,Формовка,720,731,11
Булочка для гамбургера большой с кунжутом_batch_121,Смешивание,725,735,10
Булочка для гамбургера большой с кунжутом_batch_123,Комбинирование,725,746,21
Сэндвич_batch_114,Выпекание,728,750,22
Сэндвич_batch_112,Остывание,729,774,45
Хлеб «Тартин бездрожжевой»_batch_117,Выпекание,729,745,16
Булочка для гамбургера большой с кунжутом_batch_122,Смешивание,731,741,10
Булочка для гамбургера большой с кунжутом_batch_124,Комбинирование,731,752,21
Хлеб «Зерновой»_batch_118,Расстойка,731,756,25
Сэндвич_batch_115,Выпекание,732,754,22
Сэндвич_batch_116,Выпекание,732,754,22
Сэндвич_batch_113,Остывание,733,778,45
Булочка для гамбургера большой с кунжутом_batch_121,Формовка,735,746,11
Хлеб «Зерновой»_batch_119,Выпекание,740,765,25
Булочка для гамбургера большой с кунжутом_batch_122,Формовка,741,752,11
Чиабатта_batch_120,Выпекание,741,766,25
Хлеб «Тартин бездрожжевой»_batch_117,Остывание,745,805,60
Булочка для гамбургера большой с кунжутом_batch_121,Расстойка,746,771,25
Булочка для гамбургера большой с кунжутом_batch_123,Смешивание,746,756,10
Булочка для гамбургера большой с кунжутом_batch_125,Комбинирование,746,767,21
Сэндвич_batch_114,Остывание,750,795,45
Булочка для гамбургера большой с кунжутом_batch_122,Расстойка,752,777,25
Булочка для гамбургера большой с кунжутом_batch_124,Смешивание,752,762,10
Булочка для гамбургера большой с кунжутом_batch_126,Комбинирование,752,773,21
Сэндвич_batch_115,Остывание,754,799,45
Сэндвич_batch_116,Остывание,754,799,45
Булочка для гамбургера большой с кунжутом_batch_123,Формовка,756,767,11
Хлеб «Зерновой»_batch_118,Выпекание,756,781,25
Булочка для гамбургера большой с кунжутом_batch_124,Формовка,762,773,11
Хлеб «Зерновой»_batch_119,Остывание,765,840,75
Чиабатта_batch_120,Остывание,766,841,75
Булочка для гамбургера большой с кунжутом_batch_123,Расстойка,767,792,25
Булочка для гамбургера большой с кунжутом_batch_125,Смешивание,767,777,10
Булочка для гамбургера большой с кунжутом_batch_127,Комбинирование,767,782,15
Булочка для гамбургера большой с кунжутом_batch_121,Выпекание,771,793,22
Булочка для гамбургера большой с кунжутом_batch_124,Расстойка,773,798,25
Булочка для гамбургера большой с кунжутом_batch_126,Смешивание,773,783,10
Булочка для хотдога штучно_batch_128,Комбинирование,773,794,21
Булочка для гамбургера большой с кунжутом_batch_122,Выпекание,777,799,22
Булочка для гамбургера большой с кунжутом_batch_125,Формовка,777,788,11
Хлеб «Зерновой»_batch_118,Остывание,781,856,75
Булочка для гамбургера большой с кунжутом_batch_127,Смешивание,782,792,10
Булочка для хотдога штучно_batch_129,Комбинирование,782,803,21
Булочка для гамбургера большой с кунжутом_batch_126,Формовка,783,794,11
Булочка для гамбургера большой с кунжутом_batch_125,Расстойка,788,813,25
Булочка для гамбургера большой с кунжутом_batch_123,Выпекание,792,814,22
Булочка для гамбургера большой с кунжутом_batch_127,Формовка,792,800,8
Булочка для гамбургера большой с кунжутом_batch_121,Остывание,793,838,45
Булочка для гамбургера большой с кунжутом_batch_126,Расстойка,794,819,25
Булочка для хотдога штучно_batch_128,Смешивание,794,804,10
Булочка для хотдога штучно_batch_130,Комбинирование,794,815,21
Булочка для гамбургера большой с кунжутом_batch_124,Выпекание,798,820,22
Булочка для гамбургера большой с кунжутом_batch_122,Остывание,799,844,45
Булочка для гамбургера большой с кунжутом_batch_127,Расстойка,800,825,25
Булочка для хотдога штучно_batch_129,Смешивание,803,813,10
Булочка для хотдога штучно_batch_131,Комбинирование,803,824,21
Булочка для хотдога штучно_batch_128,Формовка,804,815,11
Булочка для гамбургера большой с кунжутом_batch_125,Выпекание,813,835,22
Булочка для хотдога штучно_batch_129,Формовка,813,824,11
Булочка для гамбургера большой с кунжутом_batch_123,Остывание,814,859,45
Булочка для хотдога штучно_batch_128,Расстойка,815,840,25
Булочка для хотдога штучно_batch_130,Смешивание,815,825,10
Булочка для хотдога штучно_batch_132,Комбинирование,815,836,21
Булочка для гамбургера большой с кунжутом_batch_126,Выпекание,819,841,22
Булочка для гамбургера большой с кунжутом_batch_124,Остывание,820,865,45
Булочка для хотдога штучно_batch_129,Расстойка,824,849,25
Булочка для хотдога штучно_batch_131,Смешивание,824,834,10
Булочка для хотдога штучно_batch_133,Комбинирование,824,845,21
Булочка для гамбургера большой с кунжутом_batch_127,Выпекание,825,847,22
Булочка для хотдога штучно_batch_130,Формовка,825,836,11
Булочка для хотдога штучно_batch_131,Формовка,834,845,11
Булочка для гамбургера большой с кунжутом_batch_125,Остывание,835,880,45
Булочка для хотдога штучно_batch_130,Расстойка,836,861,25
Булочка для хотдога штучно_batch_132,Смешивание,836,846,10
Булочка для хотдога штучно_batch_134,Комбинирование,836,857,21
Булочка для хотдога штучно_batch_128,Выпекание,840,862,22
Булочка для гамбургера большой с кунжутом_batch_126,Остывание,841,886,45
Булочка для хотдога штучно_batch_131,Расстойка,845,870,25
Булочка для хотдога штучно_batch_133,Смешивание,845,855,10
Булочка для хотдога штучно_batch_135,Комбинирование,845,847,2
Булочка для хотдога штучно_batch_132,Формовка,846,857,11
Булочка для гамбургера большой с кунжутом_batch_127,Остывание,847,892,45
Булочка для хотдога штучно_batch_135,Смешивание,847,857,10
Датский_batch_136,Комбинирование,847,854,7
Булочка для хотдога штучно_batch_129,Выпекание,849,871,22
Баварский Деревенский Ржаной_batch_137,Комбинирование,854,857,3
Датский_batch_136,Смешивание,854,864,10
Булочка для хотдога штучно_batch_133,Формовка,855,866,11
Баварский Деревенский Ржаной_batch_137,Смешивание,857,867,10
Булочка для хотдога штучно_batch_132,Расстойка,857,882,25
Булочка для хотдога штучно_batch_134,Смешивание,857,867,10
Булочка для хотдога штучно_batch_135,Формовка,857,858,1
Формовой_batch_4,Комбинирование,857,878,21
Формовой_batch_5,Комбинирование,857,878,21
Булочка для хотдога штучно_batch_135,Расстойка,858,883,25
Булочка для хотдога штучно_batch_130,Выпекание,861,883,22
Булочка для хотдога штучно_batch_128,Остывание,862,907,45
Датский_batch_136,Формовка,864,868,4
Булочка для хотдога штучно_batch_133,Расстойка,866,891,25
Булочка для хотдога штучно_batch_134,Формовка,867,878,11
Баварский Деревенский Ржаной_batch_137,Формовка,868,870,2
Датский_batch_136,Расстойка,868,893,25
Баварский Деревенский Ржаной_batch_137,Расстойка,870,900,30
Булочка для хотдога штучно_batch_131,Выпекание,870,892,22
Булочка для хотдога штучно_batch_129,Остывание,871,916,45
Булочка для хотдога штучно_batch_134,Расстойка,878,903,25
Формовой_batch_4,Смешивание,878,890,12
Формовой_batch_5,Смешивание,878,890,12
Формовой_batch_6,Комбинирование,878,899,21
Формовой_batch_7,Комбинирование,878,899,21
Булочка для хотдога штучно_batch_132,Выпекание,882,904,22
Булочка для хотдога штучно_batch_130,Остывание,883,928,45
Булочка для хотдога штучно_batch_135,Выпекание,883,905,22
Формовой_batch_4,Формовка,890,901,11
Формовой_batch_5,Формовка,890,901,11
Булочка для хотдога штучно_batch_133,Выпекание,891,913,22
Булочка для хотдога штучно_batch_131,Остывание,892,937,45
Датский_batch_136,Выпекание,893,910,17
Формовой_batch_6,Смешивание,899,911,12
Формовой_batch_7,Смешивание,899,911,12
Формовой_batch_8,Комбинирование,899,920,21
Формовой_batch_9,Комбинирование,899,920,21
Баварский Деревенский Ржаной_batch_137,Выпекание,900,918,18
Формовой_batch_4,Расстойка,901,926,25
Формовой_batch_5,Расстойка,901,926,25
Булочка для хотдога штучно_batch_134,Выпекание,903,925,22
Булочка для хотдога штучно_batch_132,Остывание,904,949,45
Булочка для хотдога штучно_batch_135,Остывание,905,950,45
Датский_batch_136,Остывание,910,970,60
Формовой_batch_6,Формовка,911,922,11
Формовой_batch_7,Формовка,911,922,11
Булочка для хотдога штучно_batch_133,Остывание,913,958,45
Баварский Деревенский Ржаной_batch_137,Остывание,918,1008,90
Формовой_batch_10,Комбинирование,920,941,21
Формовой_batch_11,Комбинирование,920,941,21
Формовой_batch_8,Смешивание,920,932,12
Формовой_batch_9,Смешивание,920,932,12
Формовой_batch_6,Расстойка,922,947,25
Формовой_batch_7,Расстойка,922,947,25
Булочка для хотдога штучно_batch_134,Остывание,925,970,45
Формовой_batch_4,Выпекание,926,971,45
Формовой_batch_5,Выпекание,926,971,45
Формовой_batch_8,Формовка,932,943,11
Формовой_batch_9,Формовка,932,943,11
Формовой_batch_10,Смешивание,941,953,12
Формовой_batch_11,Смешивание,941,953,12
Формовой_batch_12,Комбинирование,941,962,21
Формовой_batch_13,Комбинирование,941,962,21
Формовой_batch_8,Расстойка,943,968,25
Формовой_batch_9,Расстойка,943,968,25
Формовой_batch_6,Выпекание,947,992,45
Формовой_batch_7,Выпекание,947,992,45
Формовой_batch_10,Формовка,953,964,11
Формовой_batch_11,Формовка,953,964,11
Формовой_batch_12,Смешивание,962,974,12
Формовой_batch_13,Смешивание,962,974,12
Формовой_batch_14,Комбинирование,962,983,21
Формовой_batch_15,Комбинирование,962,983,21
Формовой_batch_10,Расстойка,964,989,25
Формовой_batch_11,Расстойка,964,989,25
Формовой_batch_8,Выпекание,968,1013,45
Формовой_batch_9,Выпекание,968,1013,45
Формовой_batch_4,Остывание,971,1061,90
Формовой_batch_5,Остывание,971,1061,90
Формовой_batch_12,Формовка,974,985,11
Формовой_batch_13,Формовка,974,985,11
Формовой_batch_14,Смешивание,983,995,12
Формовой_batch_15,Смешивание,983,995,12
Формовой_batch_16,Комбинирование,983,1004,21
Формовой_batch_17,Комбинирование,983,1004,21
Формовой_batch_12,Расстойка,985,1010,25
Формовой_batch_13,Расстойка,985,1010,25
Формовой_batch_10,Выпекание,989,1034,45
Формовой_batch_11,Выпекание,989,1034,45
Формовой_batch_6,Остывание,992,1082,90
Формовой_batch_7,Остывание,992,1082,90
Формовой_batch_14,Формовка,995,1006,11
Формовой_batch_15,Формовка,995,1006,11
Формовой_batch_16,Смешивание,1004,1016,12
Формовой_batch_17,Смешивание,1004,1016,12
Формовой_batch_18,Комбинирование,1004,1025,21
Формовой_batch_19,Комбинирование,1004,1025,21
Формовой_batch_14,Расстойка,1006,1031,25
Формовой_batch_15,Расстойка,1006,1031,25
Формовой_batch_12,Выпекание,1010,1055,45
Формовой_batch_13,Выпекание,1010,1055,45
Формовой_batch_8,Остывание,1013,1103,90
Формовой_batch_9,Остывание,1013,1103,90
Формовой_batch_16,Формовка,1016,1027,11
Формовой_batch_17,Формовка,1016,1027,11
Формовой_batch_18,Смешивание,1025,1037,12
Формовой_batch_19,Смешивание,1025,1037,12
Формовой_batch_20,Комбинирование,1025,1046,21
Формовой_batch_21,Комбинирование,1025,1046,21
Формовой_batch_16,Расстойка,1027,1052,25
Формовой_batch_17,Расстойка,1027,1052,25
Формовой_batch_14,Выпекание,1031,1076,45
Формовой_batch_15,Выпекание,1031,1076,45
Формовой_batch_10,Остывание,1034,1124,90
Формовой_batch_11,Остывание,1034,1124,90
Формовой_batch_18,Формовка,1037,1048,11
Формовой_batch_19,Формовка,1037,1048,11
Формовой_batch_20,Смешивание,1046,1058,12
Формовой_batch_21,Смешивание,1046,1058,12
Формовой_batch_22,Комбинирование,1046,1067,21
Формовой_batch_23,Комбинирование,1046,1067,21
Формовой_batch_18,Расстойка,1048,1073,25
Формовой_batch_19,Расстойка,1048,1073,25
Формовой_batch_16,Выпекание,1052,1097,45
Формовой_batch_17,Выпекание,1052,1097,45
Формовой_batch_12,Остывание,1055,1145,90
Формовой_batch_13,Остывание,1055,1145,90
Формовой_batch_20,Формовка,1058,1069,11
Формовой_batch_21,Формовка,1058,1069,11
Формовой_batch_22,Смешивание,1067,1079,12
Формовой_batch_23,Смешивание,1067,1079,12
Формовой_batch_24,Комбинирование,1067,1088,21
Формовой_batch_25,Комбинирование,1067,1068,1
Мини формовой_batch_26,Комбинирование,1068,1089,21
Формовой_batch_25,Смешивание,1068,1080,12
Формовой_batch_20,Расстойка,1069,1094,25
Формовой_batch_21,Расстойка,1069,1094,25
Формовой_batch_18,Выпекание,1073,1118,45
Формовой_batch_19,Выпекание,1073,1118,45
Формовой_batch_14,Остывание,1076,1166,90
Формовой_batch_15,Остывание,1076,1166,90
Формовой_batch_22,Формовка,1079,1090,11
Формовой_batch_23,Формовка,1079,1090,11
Мини формовой_batch_27,Комбинирование,1088,1109,21
Формовой_batch_24,Смешивание,1088,1100,12
Мини формовой_batch_26,Смешивание,1089,1101,12
Мини формовой_batch_28,Комбинирование,1089,1110,21
Формовой_batch_22,Расстойка,1090,1115,25
Формовой_batch_23,Расстойка,1090,1115,25
Формовой_batch_25,Формовка,1090,1091,1
Формовой_batch_25,Расстойка,1091,1116,25
Формовой_batch_20,Выпекание,1094,1139,45
Формовой_batch_21,Выпекание,1094,1139,45
Формовой_batch_16,Остывание,1097,1187,90
Формовой_batch_17,Остывание,1097,1187,90
Формовой_batch_24,Формовка,1100,1111,11
Мини формовой_batch_26,Формовка,1101,1112,11
Мини формовой_batch_27,Смешивание,1109,1121,12
Мини формовой_batch_29,Комбинирование,1109,1121,12
Бородинский_batch_30,Комбинирование,1110,1131,21
Мини формовой_batch_28,Смешивание,1110,1122,12
Формовой_batch_24,Расстойка,1111,1136,25
Мини формовой_batch_26,Расстойка,1112,1137,25
Формовой_batch_22,Выпекание,1115,1160,45
Формовой_batch_23,Выпекание,1115,1160,45
Формовой_batch_18,Остывание,1118,1208,90
Формовой_batch_19,Остывание,1118,1208,90
Формовой_batch_25,Выпекание,1118,1163,45
Бородинский_batch_31,Комбинирование,1121,1142,21
Мини формовой_batch_27,Формовка,1121,1132,11
Мини формовой_batch_29,Смешивание,1121,1133,12
Мини формовой_batch_28,Формовка,1122,1133,11
Бородинский_batch_30,Смешивание,1131,1141,10
Бородинский_batch_32,Комбинирование,1131,1152,21
Мини формовой_batch_27,Расстойка,1132,1157,25
Мини формовой_batch_28,Расстойка,1133,1158,25
Мини формовой_batch_29,Формовка,1133,1139,6
Формовой_batch_24,Выпекание,1136,1181,45
Мини формовой_batch_26,Выпекание,1139,1184,45
Мини формовой_batch_29,Расстойка,1139,1164,25
Формовой_batch_20,Остывание,1139,1229,90
Формовой_batch_21,Остывание,1139,1229,90
Бородинский_batch_30,Формовка,1141,1152,11
Бородинский_batch_31,Смешивание,1142,1152,10
Бородинский_batch_33,Комбинирование,1142,1163,21
Бородинский_batch_30,Расстойка,1152,1172,20
Бородинский_batch_31,Формовка,1152,1163,11
Бородинский_batch_32,Смешивание,1152,1162,10
Бородинский_batch_34,Комбинирование,1152,1173,21
Мини формовой_batch_27,Выпекание,1157,1202,45
Мини формовой_batch_28,Выпекание,1160,1205,45
Формовой_batch_22,Остывание,1160,1250,90
Формовой_batch_23,Остывание,1160,1250,90
Бородинский_batch_32,Формовка,1162,1173,11
Бородинский_batch_31,Расстойка,1163,1183,20
Бородинский_batch_33,Смешивание,1163,1173,10
Бородинский_batch_35,Комбинирование,1163,1184,21
Формовой_batch_25,Остывание,1163,1253,90
Мини формовой_batch_29,Выпекание,1164,1209,45
Бородинский_batch_30,Выпекание,1172,1227,55
Бородинский_batch_32,Расстойка,1173,1193,20
Бородинский_batch_33,Формовка,1173,1184,11
Бородинский_batch_34,Смешивание,1173,1183,10
Бородинский_batch_36,Комбинирование,1173,1180,7
Бородинский_batch_36,Смешивание,1180,1190,10
Домашний_batch_37,Комбинирование,1180,1183,3
Формовой_batch_24,Остывание,1181,1271,90
Багет луковый_batch_38,Комбинирование,1183,1194,11
Бородинский_batch_31,Выпекание,1183,1238,55
Бородинский_batch_34,Формовка,1183,1194,11
Домашний_batch_37,Смешивание,1183,1193,10
Багет новый_batch_39,Комбинирование,1184,1205,21
Бородинский_batch_33,Расстойка,1184,1204,20
Бородинский_batch_35,Смешивание,1184,1194,10
Мини формовой_batch_26,Остывание,1184,1274,90
Бородинский_batch_36,Формовка,1190,1194,4
Бородинский_batch_32,Выпекание,1193,1248,55
Багет луковый_batch_38,Смешивание,1194,1204,10
Багет новый_batch_40,Комбинирование,1194,1215,21
Бородинский_batch_34,Расстойка,1194,1214,20
Бородинский_batch_35,Формовка,1194,1205,11
Бородинский_batch_36,Расстойка,1194,1214,20
Домашний_batch_37,Формовка,1194,1196,2
Домашний_batch_37,Расстойка,1196,1221,25
Мини формовой_batch_27,Остывание,1202,1292,90
Багет луковый_batch_38,Формовка,1204,1210,6
Бородинский_batch_33,Выпекание,1204,1259,55
Багет новый_batch_39,Смешивание,1205,1215,10
Багет новый_batch_41,Комбинирование,1205,1221,16
Бородинский_batch_35,Расстойка,1205,1225,20
Мини формовой_batch_28,Остывание,1205,1295,90
Мини формовой_batch_29,Остывание,1209,1299,90
Багет луковый_batch_38,Расстойка,1210,1230,20
Бородинский_batch_34,Выпекание,1214,1269,55
Бородинский_batch_36,Выпекание,1214,1269,55
Багет новый_batch_39,Формовка,1215,1226,11
Багет новый_batch_40,Смешивание,1215,1225,10
Береке_batch_50,Комбинирование,1215,1226,11
Багет новый_batch_41,Смешивание,1221,1231,10
Жайлы_batch_51,Комбинирование,1221,1242,21
Багет новый_batch_40,Формовка,1225,1236,11
Багет новый_batch_39,Расстойка,1226,1251,25
Береке_batch_50,Смешивание,1226,1236,10
Формовой_batch_2,Комбинирование,1226,1247,21
Бородинский_batch_30,Остывание,1227,1347,120
Домашний_batch_37,Выпекание,1227,1244,17
Багет новый_batch_41,Формовка,1231,1240,9
Багет новый_batch_40,Расстойка,1236,1261,25
Береке_batch_50,Формовка,1236,1242,6
Бородинский_batch_31,Остывание,1238,1358,120
Бородинский_batch_35,Выпекание,1238,1293,55
Багет новый_batch_41,Расстойка,1240,1265,25
Береке_batch_50,Расстойка,1242,1262,20
Жайлы_batch_51,Смешивание,1242,1252,10
Формовой_batch_3,Комбинирование,1242,1263,21
Багет луковый_batch_38,Выпекание,1244,1262,18
Домашний_batch_37,Остывание,1244,1304,60
Формовой_batch_0,Комбинирование,1247,1268,21
Формовой_batch_2,Смешивание,1247,1259,12
Бородинский_batch_32,Остывание,1248,1368,120
Багет новый_batch_39,Выпекание,1251,1276,25
Жайлы_batch_51,Формовка,1252,1263,11
Бородинский_batch_33,Остывание,1259,1379,120
Багет новый_batch_40,Выпекание,1261,1286,25
Багет луковый_batch_38,Остывание,1262,1307,45
Береке_batch_50,Выпекание,1262,1278,16
Жайлы_batch_51,Расстойка,1263,1288,25
Формовой_batch_1,Комбинирование,1263,1284,21
Формовой_batch_2,Формовка,1263,1274,11
Формовой_batch_3,Смешивание,1263,1275,12
Формовой_batch_0,Смешивание,1268,1280,12
Багет новый_batch_41,Выпекание,1269,1294,25
Бородинский_batch_34,Остывание,1269,1389,120
Бородинский_batch_36,Остывание,1269,1389,120
Формовой_batch_2,Расстойка,1274,1299,25
Формовой_batch_3,Формовка,1275,1286,11
Багет новый_batch_39,Остывание,1276,1351,75
Береке_batch_50,Остывание,1278,1338,60
Формовой_batch_0,Формовка,1280,1291,11
Формовой_batch_1,Смешивание,1284,1296,12
Багет новый_batch_40,Остывание,1286,1361,75
Формовой_batch_3,Расстойка,1286,1311,25
Жайлы_batch_51,Выпекание,1288,1305,17
Формовой_batch_0,Расстойка,1291,1316,25
Бородинский_batch_35,Остывание,1293,1413,120
Багет новый_batch_41,Остывание,1294,1369,75
Формовой_batch_1,Формовка,1296,1307,11
Формовой_batch_2,Выпекание,1299,1344,45
Жайлы_batch_51,Остывание,1305,1365,60
Формовой_batch_1,Расстойка,1307,1332,25
Формовой_batch_3,Выпекание,1311,1356,45
Формовой_batch_0,Выпекание,1316,1361,45
Формовой_batch_1,Выпекание,1332,1377,45
Формовой_batch_2,Остывание,1344,1434,90
Формовой_batch_3,Остывание,1356,1446,90
Формовой_batch_0,Остывание,1361,1451,90
Формовой_batch_1,Остывание,1377,1467,90
