Batch_ID,Stage,Start_Time_Min,End_Time_Min,Duration_Min
Формовой_batch_21,Комбинирование,0,21,21
Формовой_batch_22,Комбинирование,0,21,21
Формовой_batch_21,Смешивание,21,33,12
Формовой_batch_22,Смешивание,21,33,12
Формовой_batch_23,Комбинирование,21,42,21
Формовой_batch_24,Комбинирование,21,42,21
Формовой_batch_21,Формовка,33,44,11
Формовой_batch_22,Формовка,33,44,11
Мини формовой_batch_26,Комбинирование,42,63,21
Формовой_batch_23,Смешивание,42,54,12
Формовой_batch_24,Смешивание,42,54,12
Формовой_batch_25,Комбинирование,42,43,1
Мини формовой_batch_27,Комбинирование,43,64,21
Формовой_batch_25,Смешивание,43,55,12
Формовой_batch_21,Расстойка,44,69,25
Формовой_batch_22,Расстойка,44,69,25
Формовой_batch_23,Формовка,54,65,11
Формовой_batch_24,Формовка,54,65,11
Мини формовой_batch_26,Смешивание,63,75,12
Мини формовой_batch_28,Комбинирование,63,84,21
Мини формовой_batch_27,Смешивание,64,76,12
Мини формовой_batch_29,Комбинирование,64,76,12
Формовой_batch_23,Расстойка,65,90,25
Формовой_batch_24,Расстойка,65,90,25
Формовой_batch_25,Формовка,65,66,1
Формовой_batch_25,Расстойка,66,91,25
Формовой_batch_21,Выпекание,69,114,45
Формовой_batch_22,Выпекание,69,114,45
Мини формовой_batch_26,Формовка,75,86,11
Бородинский_batch_30,Комбинирование,76,97,21
Мини формовой_batch_27,Формовка,76,87,11
Мини формовой_batch_29,Смешивание,76,88,12
Бородинский_batch_31,Комбинирование,84,105,21
Мини формовой_batch_28,Смешивание,84,96,12
Мини формовой_batch_26,Расстойка,86,111,25
Мини формовой_batch_27,Расстойка,87,112,25
Мини формовой_batch_29,Формовка,88,94,6
Формовой_batch_23,Выпекание,90,135,45
Формовой_batch_24,Выпекание,90,135,45
Формовой_batch_25,Выпекание,91,136,45
Мини формовой_batch_29,Расстойка,94,119,25
Мини формовой_batch_28,Формовка,96,107,11
Бородинский_batch_30,Смешивание,97,107,10
Бородинский_batch_32,Комбинирование,97,118,21
Бородинский_batch_31,Смешивание,105,115,10
Бородинский_batch_33,Комбинирование,105,126,21
Бородинский_batch_30,Формовка,107,118,11
Мини формовой_batch_28,Расстойка,107,132,25
Мини формовой_batch_26,Выпекание,111,156,45
Мини формовой_batch_27,Выпекание,114,159,45
Формовой_batch_21,Остывание,114,204,90
Формовой_batch_22,Остывание,114,204,90
Бородинский_batch_31,Формовка,115,126,11
Бородинский_batch_30,Расстойка,118,138,20
Бородинский_batch_32,Смешивание,118,128,10
Бородинский_batch_34,Комбинирование,118,139,21
Мини формовой_batch_29,Выпекание,119,164,45
Бородинский_batch_31,Расстойка,126,146,20
Бородинский_batch_33,Смешивание,126,136,10
Бородинский_batch_35,Комбинирование,126,147,21
Бородинский_batch_32,Формовка,128,139,11
Мини формовой_batch_28,Выпекание,135,180,45
Формовой_batch_23,Остывание,135,225,90
Формовой_batch_24,Остывание,135,225,90
Бородинский_batch_33,Формовка,136,147,11
Формовой_batch_25,Остывание,136,226,90
Бородинский_batch_30,Выпекание,138,193,55
Бородинский_batch_32,Расстойка,139,159,20
Бородинский_batch_34,Смешивание,139,149,10
Бородинский_batch_36,Комбинирование,139,146,7
Бородинский_batch_31,Выпекание,146,201,55
Бородинский_batch_36,Смешивание,146,156,10
Домашний_batch_37,Комбинирование,146,149,3
Багет луковый_batch_38,Комбинирование,147,158,11
Бородинский_batch_33,Расстойка,147,167,20
Бородинский_batch_35,Смешивание,147,157,10
Багет новый_batch_39,Комбинирование,149,170,21
Бородинский_batch_34,Формовка,149,160,11
Домашний_batch_37,Смешивание,149,159,10
Бородинский_batch_36,Формовка,156,160,4
Мини формовой_batch_26,Остывание,156,246,90
Багет луковый_batch_38,Смешивание,158,168,10
Багет новый_batch_40,Комбинирование,158,179,21
Бородинский_batch_32,Выпекание,159,214,55
Мини формовой_batch_27,Остывание,159,249,90
Бородинский_batch_34,Расстойка,160,180,20
Бородинский_batch_35,Формовка,160,171,11
Бородинский_batch_36,Расстойка,160,180,20
Домашний_batch_37,Формовка,160,162,2
Домашний_batch_37,Расстойка,162,187,25
Мини формовой_batch_29,Остывание,164,254,90
Бородинский_batch_33,Выпекание,167,222,55
Багет луковый_batch_38,Формовка,168,174,6
Багет новый_batch_39,Смешивание,170,180,10
Багет новый_batch_41,Комбинирование,170,186,16
Бородинский_batch_35,Расстойка,171,191,20
Багет луковый_batch_38,Расстойка,174,194,20
Багет новый_batch_40,Смешивание,179,189,10
Багет отрубной_batch_42,Комбинирование,179,190,11
Багет новый_batch_39,Формовка,180,191,11
Бородинский_batch_34,Выпекание,180,235,55
Бородинский_batch_36,Выпекание,180,235,55
Мини формовой_batch_28,Остывание,180,270,90
Багет новый_batch_41,Смешивание,186,196,10
Премиум_batch_43,Комбинирование,186,189,3
Багет новый_batch_40,Формовка,189,200,11
Батон Верный_batch_44,Комбинирование,189,200,11
Премиум_batch_43,Смешивание,189,199,10
Багет отрубной_batch_42,Смешивание,190,200,10
Батон Нарезной_batch_45,Комбинирование,190,211,21
Багет новый_batch_39,Расстойка,191,216,25
Бородинский_batch_30,Остывание,193,313,120
Домашний_batch_37,Выпекание,193,210,17
Багет новый_batch_41,Формовка,196,205,9
Багет новый_batch_40,Расстойка,200,225,25
Батон Верный_batch_44,Смешивание,200,210,10
Батон Нарезной_batch_46,Комбинирование,200,221,21
Премиум_batch_43,Формовка,200,202,2
Бородинский_batch_31,Остывание,201,321,120
Бородинский_batch_35,Выпекание,201,256,55
Багет отрубной_batch_42,Формовка,202,208,6
Премиум_batch_43,Расстойка,202,227,25
Багет новый_batch_41,Расстойка,205,230,25
Багет отрубной_batch_42,Расстойка,208,233,25
Багет луковый_batch_38,Выпекание,210,228,18
Батон Верный_batch_44,Формовка,210,216,6
Домашний_batch_37,Остывание,210,270,60
Батон Нарезной_batch_45,Смешивание,211,221,10
Батон Нарезной_batch_47,Комбинирование,211,232,21
Бородинский_batch_32,Остывание,214,334,120
Багет новый_batch_39,Выпекание,216,241,25
Батон Верный_batch_44,Расстойка,216,241,25
Батон Нарезной_batch_45,Формовка,221,232,11
Батон Нарезной_batch_46,Смешивание,221,231,10
Батон Нарезной_batch_48,Комбинирование,221,240,19
Бородинский_batch_33,Остывание,222,342,120
Багет новый_batch_40,Выпекание,225,250,25
Багет луковый_batch_38,Остывание,228,273,45
Премиум_batch_43,Выпекание,228,253,25
Батон Нарезной_batch_46,Формовка,231,242,11
Батон Нарезной_batch_45,Расстойка,232,257,25
Батон Нарезной_batch_47,Смешивание,232,242,10
Береке_batch_49,Комбинирование,232,253,21
Багет новый_batch_41,Выпекание,235,260,25
Багет отрубной_batch_42,Выпекание,235,253,18
Бородинский_batch_34,Остывание,235,355,120
Бородинский_batch_36,Остывание,235,355,120
Батон Нарезной_batch_48,Смешивание,240,250,10
Береке_batch_50,Комбинирование,240,251,11
Багет новый_batch_39,Остывание,241,316,75
Батон Верный_batch_44,Выпекание,241,258,17
Батон Нарезной_batch_46,Расстойка,242,267,25
Батон Нарезной_batch_47,Формовка,242,253,11
Багет новый_batch_40,Остывание,250,325,75
Батон Нарезной_batch_48,Формовка,250,260,10
Береке_batch_50,Смешивание,251,261,10
Жайлы_batch_51,Комбинирование,251,272,21
Багет отрубной_batch_42,Остывание,253,298,45
Батон Нарезной_batch_47,Расстойка,253,278,25
Береке_batch_49,Смешивание,253,263,10
Жайлы_batch_52,Комбинирование,253,271,18
Премиум_batch_43,Остывание,253,328,75
Бородинский_batch_35,Остывание,256,376,120
Батон Нарезной_batch_45,Выпекание,257,274,17
Батон Верный_batch_44,Остывание,258,318,60
Багет новый_batch_41,Остывание,260,335,75
Батон Нарезной_batch_48,Расстойка,260,285,25
Береке_batch_50,Формовка,261,267,6
Береке_batch_49,Формовка,263,274,11
Батон Нарезной_batch_46,Выпекание,267,284,17
Береке_batch_50,Расстойка,267,287,20
Диета_batch_53,Комбинирование,271,292,21
Жайлы_batch_52,Смешивание,271,281,10
Диета_batch_54,Комбинирование,272,293,21
Жайлы_batch_51,Смешивание,272,282,10
Батон Нарезной_batch_45,Остывание,274,334,60
Береке_batch_49,Расстойка,274,294,20
Батон Нарезной_batch_47,Выпекание,278,295,17
Жайлы_batch_52,Формовка,281,291,10
Жайлы_batch_51,Формовка,282,293,11
Батон Нарезной_batch_46,Остывание,284,344,60
Батон Нарезной_batch_48,Выпекание,285,302,17
Береке_batch_50,Выпекание,287,303,16
Жайлы_batch_52,Расстойка,291,316,25
Диета_batch_53,Смешивание,292,302,10
Диета_batch_55,Комбинирование,292,313,21
Диета_batch_54,Смешивание,293,303,10
Диета_batch_56,Комбинирование,293,306,13
Жайлы_batch_51,Расстойка,293,318,25
Береке_batch_49,Выпекание,294,310,16
Батон Нарезной_batch_47,Остывание,295,355,60
Батон Нарезной_batch_48,Остывание,302,362,60
Диета_batch_53,Формовка,302,313,11
Береке_batch_50,Остывание,303,363,60
Диета_batch_54,Формовка,303,314,11
Диета_batch_56,Смешивание,306,316,10
Здоровье_batch_57,Комбинирование,306,311,5
Береке_batch_49,Остывание,310,370,60
Здоровье_batch_57,Смешивание,311,321,10
Любимый_batch_58,Комбинирование,311,332,21
Диета_batch_53,Расстойка,313,351,38
Диета_batch_55,Смешивание,313,323,10
Любимый_batch_59,Комбинирование,313,334,21
Диета_batch_54,Расстойка,314,352,38
Диета_batch_56,Формовка,316,323,7
Жайлы_batch_52,Выпекание,316,333,17
Жайлы_batch_51,Выпекание,318,335,17
Здоровье_batch_57,Формовка,321,324,3
Диета_batch_55,Формовка,323,334,11
Диета_batch_56,Расстойка,323,361,38
Здоровье_batch_57,Расстойка,324,349,25
Любимый_batch_58,Смешивание,332,342,10
Любимый_batch_60,Комбинирование,332,353,21
Жайлы_batch_52,Остывание,333,393,60
Диета_batch_55,Расстойка,334,372,38
Любимый_batch_59,Смешивание,334,344,10
Любимый_batch_61,Комбинирование,334,355,21
Жайлы_batch_51,Остывание,335,395,60
Любимый_batch_58,Формовка,342,353,11
Любимый_batch_59,Формовка,344,355,11
Здоровье_batch_57,Выпекание,349,367,18
Диета_batch_53,Выпекание,351,386,35
Диета_batch_54,Выпекание,352,387,35
Любимый_batch_58,Расстойка,353,378,25
Любимый_batch_60,Смешивание,353,363,10
Любимый_batch_62,Комбинирование,353,374,21
Любимый_batch_59,Расстойка,355,380,25
Любимый_batch_61,Смешивание,355,365,10
Любимый_batch_63,Комбинирование,355,376,21
Диета_batch_56,Выпекание,361,396,35
Любимый_batch_60,Формовка,363,374,11
Любимый_batch_61,Формовка,365,376,11
Здоровье_batch_57,Остывание,367,427,60
Диета_batch_55,Выпекание,372,407,35
Любимый_batch_60,Расстойка,374,399,25
Любимый_batch_62,Смешивание,374,384,10
Любимый_batch_64,Комбинирование,374,395,21
Любимый_batch_61,Расстойка,376,401,25
Любимый_batch_63,Смешивание,376,386,10
Любимый_batch_65,Комбинирование,376,397,21
Любимый_batch_58,Выпекание,378,395,17
Любимый_batch_59,Выпекание,380,397,17
Любимый_batch_62,Формовка,384,395,11
Диета_batch_53,Остывание,386,476,90
Любимый_batch_63,Формовка,386,397,11
Диета_batch_54,Остывание,387,477,90
Любимый_batch_58,Остывание,395,455,60
Любимый_batch_62,Расстойка,395,420,25
Любимый_batch_64,Смешивание,395,405,10
Любимый_batch_66,Комбинирование,395,409,14
Диета_batch_56,Остывание,396,486,90
Любимый_batch_59,Остывание,397,457,60
Любимый_batch_63,Расстойка,397,422,25
Любимый_batch_65,Смешивание,397,407,10
Отрубной (общий)_batch_67,Комбинирование,397,418,21
Любимый_batch_60,Выпекание,399,416,17
Любимый_batch_61,Выпекание,401,418,17
Любимый_batch_64,Формовка,405,416,11
Диета_batch_55,Остывание,407,497,90
Любимый_batch_65,Формовка,407,418,11
Любимый_batch_66,Смешивание,409,419,10
Отрубной (общий)_batch_68,Комбинирование,409,430,21
Любимый_batch_60,Остывание,416,476,60
Любимый_batch_64,Расстойка,416,441,25
Любимый_batch_61,Остывание,418,478,60
Любимый_batch_65,Расстойка,418,443,25
Отрубной (общий)_batch_67,Смешивание,418,428,10
Отрубной (общий)_batch_69,Комбинирование,418,431,13
Любимый_batch_66,Формовка,419,426,7
Любимый_batch_62,Выпекание,420,437,17
Любимый_batch_63,Выпекание,422,439,17
Любимый_batch_66,Расстойка,426,451,25
Отрубной (общий)_batch_67,Формовка,428,439,11
Отрубной (общий)_batch_68,Смешивание,430,440,10
Плетенка_batch_70,Комбинирование,430,451,21
Отрубной (общий)_batch_69,Смешивание,431,441,10
Плетенка_batch_71,Комбинирование,431,434,3
Плетенка_batch_71,Смешивание,434,444,10
Семейный_batch_72,Комбинирование,434,455,21
Любимый_batch_62,Остывание,437,497,60
Любимый_batch_63,Остывание,439,499,60
Отрубной (общий)_batch_67,Расстойка,439,464,25
Отрубной (общий)_batch_68,Формовка,440,451,11
Любимый_batch_64,Выпекание,441,458,17
Отрубной (общий)_batch_69,Формовка,441,448,7
Любимый_batch_65,Выпекание,443,460,17
Отрубной (общий)_batch_69,Расстойка,448,473,25
Плетенка_batch_71,Формовка,448,450,2
Плетенка_batch_71,Расстойка,450,475,25
Любимый_batch_66,Выпекание,451,468,17
Отрубной (общий)_batch_68,Расстойка,451,476,25
Плетенка_batch_70,Смешивание,451,461,10
Семейный_batch_73,Комбинирование,451,472,21
Семейный_batch_72,Смешивание,455,465,10
Семейный_batch_74,Комбинирование,455,476,21
Любимый_batch_64,Остывание,458,518,60
Любимый_batch_65,Остывание,460,520,60
Плетенка_batch_70,Формовка,461,472,11
Отрубной (общий)_batch_67,Выпекание,464,481,17
Семейный_batch_72,Формовка,465,476,11
Любимый_batch_66,Остывание,468,528,60
Плетенка_batch_70,Расстойка,472,497,25
Семейный_batch_73,Смешивание,472,482,10
Семейный_batch_75,Комбинирование,472,485,13
Отрубной (общий)_batch_69,Выпекание,473,490,17
Плетенка_batch_71,Выпекание,475,492,17
Отрубной (общий)_batch_68,Выпекание,476,493,17
Семейный_batch_72,Расстойка,476,501,25
Семейный_batch_74,Смешивание,476,486,10
Славянский_batch_76,Комбинирование,476,478,2
Зерновой Столичный_batch_77,Комбинирование,478,482,4
Славянский_batch_76,Смешивание,478,488,10
Отрубной (общий)_batch_67,Остывание,481,541,60
Зерновой Столичный_batch_77,Смешивание,482,492,10
Семейный_batch_73,Формовка,482,493,11
Сэндвич_batch_78,Комбинирование,482,503,21
Сэндвич_batch_79,Комбинирование,485,506,21
Семейный_batch_74,Формовка,486,497,11
Семейный_batch_75,Смешивание,486,496,10
Отрубной (общий)_batch_69,Остывание,490,550,60
Плетенка_batch_71,Остывание,492,552,60
Отрубной (общий)_batch_68,Остывание,493,553,60
Семейный_batch_73,Расстойка,493,518,25
Славянский_batch_76,Формовка,493,494,1
Зерновой Столичный_batch_77,Формовка,494,497,3
Славянский_batch_76,Расстойка,494,519,25
Зерновой Столичный_batch_77,Расстойка,497,522,25
Плетенка_batch_70,Выпекание,497,514,17
Семейный_batch_74,Расстойка,497,522,25
Семейный_batch_75,Формовка,497,504,7
Семейный_batch_72,Выпекание,501,518,17
Сэндвич_batch_78,Смешивание,503,513,10
Сэндвич_batch_80,Комбинирование,503,524,21
Семейный_batch_75,Расстойка,504,529,25
Сэндвич_batch_79,Смешивание,506,516,10
Сэндвич_batch_81,Комбинирование,506,527,21
Сэндвич_batch_78,Формовка,513,524,11
Плетенка_batch_70,Остывание,514,574,60
Сэндвич_batch_79,Формовка,516,527,11
Семейный_batch_72,Остывание,518,578,60
Семейный_batch_73,Выпекание,518,535,17
Славянский_batch_76,Выпекание,519,536,17
Зерновой Столичный_batch_77,Выпекание,522,539,17
Семейный_batch_74,Выпекание,522,539,17
Сэндвич_batch_78,Расстойка,524,549,25
Сэндвич_batch_80,Смешивание,524,534,10
Сэндвич_batch_82,Комбинирование,524,545,21
Сэндвич_batch_79,Расстойка,527,552,25
Сэндвич_batch_81,Смешивание,527,537,10
Сэндвич_batch_83,Комбинирование,527,548,21
Семейный_batch_75,Выпекание,529,546,17
Сэндвич_batch_80,Формовка,534,545,11
Семейный_batch_73,Остывание,535,595,60
Славянский_batch_76,Остывание,536,596,60
Сэндвич_batch_81,Формовка,537,548,11
Зерновой Столичный_batch_77,Остывание,539,599,60
Семейный_batch_74,Остывание,539,599,60
Сэндвич_batch_80,Расстойка,545,570,25
Сэндвич_batch_82,Смешивание,545,555,10
Сэндвич_batch_84,Комбинирование,545,566,21
Семейный_batch_75,Остывание,546,606,60
Сэндвич_batch_81,Расстойка,548,573,25
Сэндвич_batch_83,Смешивание,548,558,10
Сэндвич_batch_85,Комбинирование,548,569,21
Сэндвич_batch_78,Выпекание,549,571,22
Сэндвич_batch_79,Выпекание,552,574,22
Сэндвич_batch_82,Формовка,555,566,11
Сэндвич_batch_83,Формовка,558,569,11
Сэндвич_batch_82,Расстойка,566,591,25
Сэндвич_batch_84,Смешивание,566,576,10
Сэндвич_batch_86,Комбинирование,566,587,21
Сэндвич_batch_83,Расстойка,569,594,25
Сэндвич_batch_85,Смешивание,569,579,10
Сэндвич_batch_87,Комбинирование,569,590,21
Сэндвич_batch_80,Выпекание,570,592,22
Сэндвич_batch_78,Остывание,571,616,45
Сэндвич_batch_81,Выпекание,573,595,22
Сэндвич_batch_79,Остывание,574,619,45
Сэндвич_batch_84,Формовка,576,587,11
Сэндвич_batch_85,Формовка,579,590,11
Сэндвич_batch_84,Расстойка,587,612,25
Сэндвич_batch_86,Смешивание,587,597,10
Сэндвич_batch_88,Комбинирование,587,608,21
Сэндвич_batch_85,Расстойка,590,615,25
Сэндвич_batch_87,Смешивание,590,600,10
Сэндвич_batch_89,Комбинирование,590,611,21
Сэндвич_batch_82,Выпекание,591,613,22
Сэндвич_batch_80,Остывание,592,637,45
Сэндвич_batch_83,Выпекание,594,616,22
Сэндвич_batch_81,Остывание,595,640,45
Сэндвич_batch_86,Формовка,597,608,11
Сэндвич_batch_87,Формовка,600,611,11
Сэндвич_batch_86,Расстойка,608,633,25
Сэндвич_batch_88,Смешивание,608,618,10
Сэндвич_batch_90,Комбинирование,608,629,21
Сэндвич_batch_87,Расстойка,611,636,25
Сэндвич_batch_89,Смешивание,611,621,10
Сэндвич_batch_91,Комбинирование,611,632,21
Сэндвич_batch_84,Выпекание,612,634,22
Сэндвич_batch_82,Остывание,613,658,45
Сэндвич_batch_85,Выпекание,615,637,22
Сэндвич_batch_83,Остывание,616,661,45
Сэндвич_batch_88,Формовка,618,629,11
Сэндвич_batch_89,Формовка,621,632,11
Сэндвич_batch_88,Расстойка,629,654,25
Сэндвич_batch_90,Смешивание,629,639,10
Сэндвич_batch_92,Комбинирование,629,650,21
Сэндвич_batch_89,Расстойка,632,657,25
Сэндвич_batch_91,Смешивание,632,642,10
Сэндвич_batch_93,Комбинирование,632,653,21
Сэндвич_batch_86,Выпекание,633,655,22
Сэндвич_batch_84,Остывание,634,679,45
Сэндвич_batch_87,Выпекание,636,658,22
Сэндвич_batch_85,Остывание,637,682,45
Сэндвич_batch_90,Формовка,639,650,11
Сэндвич_batch_91,Формовка,642,653,11
Сэндвич_batch_90,Расстойка,650,675,25
Сэндвич_batch_92,Смешивание,650,660,10
Сэндвич_batch_94,Комбинирование,650,671,21
Сэндвич_batch_91,Расстойка,653,678,25
Сэндвич_batch_93,Смешивание,653,663,10
Сэндвич_batch_95,Комбинирование,653,674,21
Сэндвич_batch_88,Выпекание,654,676,22
Сэндвич_batch_86,Остывание,655,700,45
Сэндвич_batch_89,Выпекание,657,679,22
Сэндвич_batch_87,Остывание,658,703,45
Сэндвич_batch_92,Формовка,660,671,11
Сэндвич_batch_93,Формовка,663,674,11
Сэндвич_batch_92,Расстойка,671,696,25
Сэндвич_batch_94,Смешивание,671,681,10
Сэндвич_batch_96,Комбинирование,671,692,21
Сэндвич_batch_93,Расстойка,674,699,25
Сэндвич_batch_95,Смешивание,674,684,10
Сэндвич_batch_97,Комбинирование,674,695,21
Сэндвич_batch_90,Выпекание,675,697,22
Сэндвич_batch_88,Остывание,676,721,45
Сэндвич_batch_91,Выпекание,678,700,22
Сэндвич_batch_89,Остывание,679,724,45
Сэндвич_batch_94,Формовка,681,692,11
Сэндвич_batch_95,Формовка,684,695,11
Сэндвич_batch_94,Расстойка,692,717,25
Сэндвич_batch_96,Смешивание,692,702,10
Сэндвич_batch_98,Комбинирование,692,713,21
Сэндвич_batch_95,Расстойка,695,720,25
Сэндвич_batch_97,Смешивание,695,705,10
Сэндвич_batch_99,Комбинирование,695,716,21
Сэндвич_batch_92,Выпекание,696,718,22
Сэндвич_batch_90,Остывание,697,742,45
Сэндвич_batch_93,Выпекание,699,721,22
Сэндвич_batch_91,Остывание,700,745,45
Сэндвич_batch_96,Формовка,702,713,11
Сэндвич_batch_97,Формовка,705,716,11
Сэндвич_batch_100,Комбинирование,713,734,21
Сэндвич_batch_96,Расстойка,713,738,25
Сэндвич_batch_98,Смешивание,713,723,10
Сэндвич_batch_101,Комбинирование,716,737,21
Сэндвич_batch_97,Расстойка,716,741,25
Сэндвич_batch_99,Смешивание,716,726,10
Сэндвич_batch_94,Выпекание,717,739,22
Сэндвич_batch_92,Остывание,718,763,45
Сэндвич_batch_95,Выпекание,720,742,22
Сэндвич_batch_93,Остывание,721,766,45
Сэндвич_batch_98,Формовка,723,734,11
Сэндвич_batch_99,Формовка,726,737,11
Сэндвич_batch_100,Смешивание,734,744,10
Сэндвич_batch_102,Комбинирование,734,755,21
Сэндвич_batch_98,Расстойка,734,759,25
Сэндвич_batch_101,Смешивание,737,747,10
Сэндвич_batch_99,Расстойка,737,762,25
Хлеб «Зерновой»_batch_118,Комбинирование,737,758,21
Сэндвич_batch_96,Выпекание,738,760,22
Сэндвич_batch_94,Остывание,739,784,45
Сэндвич_batch_97,Выпекание,741,763,22
Сэндвич_batch_95,Остывание,742,787,45
Сэндвич_batch_100,Формовка,744,755,11
Сэндвич_batch_101,Формовка,747,758,11
Сэндвич_batch_100,Расстойка,755,780,25
Сэндвич_batch_102,Смешивание,755,765,10
Хлеб «Зерновой»_batch_119,Комбинирование,755,765,10
Сэндвич_batch_101,Расстойка,758,783,25
Хлеб «Зерновой»_batch_118,Смешивание,758,768,10
Чиабатта_batch_120,Комбинирование,758,762,4
Сэндвич_batch_98,Выпекание,759,781,22
Сэндвич_batch_96,Остывание,760,805,45
Булочка для гамбургера большой с кунжутом_batch_121,Комбинирование,762,783,21
Сэндвич_batch_99,Выпекание,762,784,22
Чиабатта_batch_120,Смешивание,762,772,10
Сэндвич_batch_97,Остывание,763,808,45
Булочка для гамбургера большой с кунжутом_batch_122,Комбинирование,765,786,21
Сэндвич_batch_102,Формовка,765,776,11
Хлеб «Зерновой»_batch_119,Смешивание,765,775,10
Хлеб «Зерновой»_batch_118,Формовка,768,779,11
Сэндвич_batch_102,Расстойка,776,801,25
Чиабатта_batch_120,Формовка,776,778,2
Хлеб «Зерновой»_batch_119,Формовка,778,783,5
Чиабатта_batch_120,Расстойка,778,803,25
Хлеб «Зерновой»_batch_118,Расстойка,779,804,25
Сэндвич_batch_100,Выпекание,780,802,22
Сэндвич_batch_98,Остывание,781,826,45
Булочка для гамбургера большой с кунжутом_batch_121,Смешивание,783,793,10
Булочка для гамбургера большой с кунжутом_batch_123,Комбинирование,783,804,21
Сэндвич_batch_101,Выпекание,783,805,22
Хлеб «Зерновой»_batch_119,Расстойка,783,808,25
Сэндвич_batch_99,Остывание,784,829,45
Булочка для гамбургера большой с кунжутом_batch_122,Смешивание,786,796,10
Булочка для гамбургера большой с кунжутом_batch_124,Комбинирование,786,807,21
Булочка для гамбургера большой с кунжутом_batch_121,Формовка,793,804,11
Булочка для гамбургера большой с кунжутом_batch_122,Формовка,796,807,11
Сэндвич_batch_102,Выпекание,801,823,22
Сэндвич_batch_100,Остывание,802,847,45
Чиабатта_batch_120,Выпекание,803,828,25
Булочка для гамбургера большой с кунжутом_batch_121,Расстойка,804,829,25
Булочка для гамбургера большой с кунжутом_batch_123,Смешивание,804,814,10
Булочка для гамбургера большой с кунжутом_batch_125,Комбинирование,804,825,21
Хлеб «Зерновой»_batch_118,Выпекание,804,829,25
Сэндвич_batch_101,Остывание,805,850,45
Булочка для гамбургера большой с кунжутом_batch_122,Расстойка,807,832,25
Булочка для гамбургера большой с кунжутом_batch_124,Смешивание,807,817,10
Булочка для гамбургера большой с кунжутом_batch_126,Комбинирование,807,828,21
Хлеб «Зерновой»_batch_119,Выпекание,808,833,25
Булочка для гамбургера большой с кунжутом_batch_123,Формовка,814,825,11
Булочка для гамбургера большой с кунжутом_batch_124,Формовка,817,828,11
Сэндвич_batch_102,Остывание,823,868,45
Булочка для гамбургера большой с кунжутом_batch_123,Расстойка,825,850,25
Булочка для гамбургера большой с кунжутом_batch_125,Смешивание,825,835,10
Булочка для гамбургера большой с кунжутом_batch_127,Комбинирование,825,840,15
Булочка для гамбургера большой с кунжутом_batch_124,Расстойка,828,853,25
Булочка для гамбургера большой с кунжутом_batch_126,Смешивание,828,838,10
Формовой_batch_5,Комбинирование,828,849,21
Чиабатта_batch_120,Остывание,828,903,75
Булочка для гамбургера большой с кунжутом_batch_121,Выпекание,829,851,22
Хлеб «Зерновой»_batch_118,Остывание,829,904,75
Булочка для гамбургера большой с кунжутом_batch_122,Выпекание,832,854,22
Хлеб «Зерновой»_batch_119,Остывание,833,908,75
Булочка для гамбургера большой с кунжутом_batch_125,Формовка,835,846,11
Булочка для гамбургера большой с кунжутом_batch_126,Формовка,838,849,11
Булочка для гамбургера большой с кунжутом_batch_127,Смешивание,840,850,10
Формовой_batch_6,Комбинирование,840,861,21
Булочка для гамбургера большой с кунжутом_batch_125,Расстойка,846,871,25
Булочка для гамбургера большой с кунжутом_batch_126,Расстойка,849,874,25
Формовой_batch_5,Смешивание,849,861,12
Формовой_batch_7,Комбинирование,849,870,21
Булочка для гамбургера большой с кунжутом_batch_123,Выпекание,850,872,22
Булочка для гамбургера большой с кунжутом_batch_127,Формовка,850,858,8
Булочка для гамбургера большой с кунжутом_batch_121,Остывание,851,896,45
Булочка для гамбургера большой с кунжутом_batch_124,Выпекание,853,875,22
Булочка для гамбургера большой с кунжутом_batch_122,Остывание,854,899,45
Булочка для гамбургера большой с кунжутом_batch_127,Расстойка,858,883,25
Формовой_batch_5,Формовка,861,872,11
Формовой_batch_6,Смешивание,861,873,12
Формовой_batch_8,Комбинирование,861,882,21
Формовой_batch_7,Смешивание,870,882,12
Формовой_batch_9,Комбинирование,870,891,21
Булочка для гамбургера большой с кунжутом_batch_125,Выпекание,871,893,22
Булочка для гамбургера большой с кунжутом_batch_123,Остывание,872,917,45
Формовой_batch_5,Расстойка,872,897,25
Формовой_batch_6,Формовка,873,884,11
Булочка для гамбургера большой с кунжутом_batch_126,Выпекание,874,896,22
Булочка для гамбургера большой с кунжутом_batch_124,Остывание,875,920,45
Формовой_batch_10,Комбинирование,882,903,21
Формовой_batch_7,Формовка,882,893,11
Формовой_batch_8,Смешивание,882,894,12
Булочка для гамбургера большой с кунжутом_batch_127,Выпекание,883,905,22
Формовой_batch_6,Расстойка,884,909,25
Формовой_batch_11,Комбинирование,891,912,21
Формовой_batch_9,Смешивание,891,903,12
Булочка для гамбургера большой с кунжутом_batch_125,Остывание,893,938,45
Формовой_batch_7,Расстойка,893,918,25
Формовой_batch_8,Формовка,894,905,11
Булочка для гамбургера большой с кунжутом_batch_126,Остывание,896,941,45
Формовой_batch_5,Выпекание,897,942,45
Формовой_batch_10,Смешивание,903,915,12
Формовой_batch_12,Комбинирование,903,924,21
Формовой_batch_9,Формовка,903,914,11
Булочка для гамбургера большой с кунжутом_batch_127,Остывание,905,950,45
Формовой_batch_8,Расстойка,905,930,25
Формовой_batch_6,Выпекание,909,954,45
Формовой_batch_11,Смешивание,912,924,12
Формовой_batch_13,Комбинирование,912,933,21
Формовой_batch_9,Расстойка,914,939,25
Формовой_batch_10,Формовка,915,926,11
Формовой_batch_7,Выпекание,918,963,45
Формовой_batch_11,Формовка,924,935,11
Формовой_batch_12,Смешивание,924,936,12
Формовой_batch_14,Комбинирование,924,945,21
Формовой_batch_10,Расстойка,926,951,25
Формовой_batch_8,Выпекание,930,975,45
Формовой_batch_13,Смешивание,933,945,12
Формовой_batch_15,Комбинирование,933,954,21
Формовой_batch_11,Расстойка,935,960,25
Формовой_batch_12,Формовка,936,947,11
Формовой_batch_9,Выпекание,939,984,45
Формовой_batch_5,Остывание,942,1032,90
Формовой_batch_13,Формовка,945,956,11
Формовой_batch_14,Смешивание,945,957,12
Формовой_batch_16,Комбинирование,945,966,21
Формовой_batch_12,Расстойка,947,972,25
Формовой_batch_10,Выпекание,951,996,45
Формовой_batch_15,Смешивание,954,966,12
Формовой_batch_17,Комбинирование,954,975,21
Формовой_batch_6,Остывание,954,1044,90
Формовой_batch_13,Расстойка,956,981,25
Формовой_batch_14,Формовка,957,968,11
Формовой_batch_11,Выпекание,960,1005,45
Формовой_batch_7,Остывание,963,1053,90
Формовой_batch_15,Формовка,966,977,11
Формовой_batch_16,Смешивание,966,978,12
Формовой_batch_18,Комбинирование,966,987,21
Формовой_batch_14,Расстойка,968,993,25
Формовой_batch_12,Выпекание,972,1017,45
Формовой_batch_17,Смешивание,975,987,12
Формовой_batch_19,Комбинирование,975,996,21
Формовой_batch_8,Остывание,975,1065,90
Формовой_batch_15,Расстойка,977,1002,25
Формовой_batch_16,Формовка,978,989,11
Формовой_batch_13,Выпекание,981,1026,45
Формовой_batch_9,Остывание,984,1074,90
Формовой_batch_17,Формовка,987,998,11
Формовой_batch_18,Смешивание,987,999,12
Формовой_batch_20,Комбинирование,987,1008,21
Формовой_batch_16,Расстойка,989,1014,25
Формовой_batch_14,Выпекание,993,1038,45
Сэндвич_batch_103,Комбинирование,996,1017,21
Формовой_batch_10,Остывание,996,1086,90
Формовой_batch_19,Смешивание,996,1008,12
Формовой_batch_17,Расстойка,998,1023,25
Формовой_batch_18,Формовка,999,1010,11
Формовой_batch_15,Выпекание,1002,1047,45
Формовой_batch_11,Остывание,1005,1095,90
Сэндвич_batch_104,Комбинирование,1008,1029,21
Формовой_batch_19,Формовка,1008,1019,11
Формовой_batch_20,Смешивание,1008,1020,12
Формовой_batch_18,Расстойка,1010,1035,25
Формовой_batch_16,Выпекание,1014,1059,45
Сэндвич_batch_103,Смешивание,1017,1027,10
Сэндвич_batch_105,Комбинирование,1017,1038,21
Формовой_batch_12,Остывание,1017,1107,90
Формовой_batch_19,Расстойка,1019,1044,25
Формовой_batch_20,Формовка,1020,1031,11
Формовой_batch_17,Выпекание,1023,1068,45
Формовой_batch_13,Остывание,1026,1116,90
Сэндвич_batch_103,Формовка,1027,1038,11
Сэндвич_batch_104,Смешивание,1029,1039,10
Сэндвич_batch_106,Комбинирование,1029,1050,21
Формовой_batch_20,Расстойка,1031,1056,25
Формовой_batch_18,Выпекание,1035,1080,45
Сэндвич_batch_103,Расстойка,1038,1063,25
Сэндвич_batch_105,Смешивание,1038,1048,10
Сэндвич_batch_107,Комбинирование,1038,1059,21
Формовой_batch_14,Остывание,1038,1128,90
Сэндвич_batch_104,Формовка,1039,1050,11
Формовой_batch_19,Выпекание,1044,1089,45
Формовой_batch_15,Остывание,1047,1137,90
Сэндвич_batch_105,Формовка,1048,1059,11
Сэндвич_batch_104,Расстойка,1050,1075,25
Сэндвич_batch_106,Смешивание,1050,1060,10
Сэндвич_batch_108,Комбинирование,1050,1071,21
Формовой_batch_20,Выпекание,1056,1101,45
Сэндвич_batch_105,Расстойка,1059,1084,25
Сэндвич_batch_107,Смешивание,1059,1069,10
Сэндвич_batch_109,Комбинирование,1059,1080,21
Формовой_batch_16,Остывание,1059,1149,90
Сэндвич_batch_106,Формовка,1060,1071,11
Сэндвич_batch_103,Выпекание,1063,1085,22
Формовой_batch_17,Остывание,1068,1158,90
Сэндвич_batch_107,Формовка,1069,1080,11
Сэндвич_batch_106,Расстойка,1071,1096,25
Сэндвич_batch_108,Смешивание,1071,1081,10
Сэндвич_batch_110,Комбинирование,1071,1092,21
Сэндвич_batch_104,Выпекание,1075,1097,22
Сэндвич_batch_107,Расстойка,1080,1105,25
Сэндвич_batch_109,Смешивание,1080,1090,10
Сэндвич_batch_111,Комбинирование,1080,1101,21
Формовой_batch_18,Остывание,1080,1170,90
Сэндвич_batch_108,Формовка,1081,1092,11
Сэндвич_batch_105,Выпекание,1084,1106,22
Сэндвич_batch_103,Остывание,1085,1130,45
Формовой_batch_19,Остывание,1089,1179,90
Сэндвич_batch_109,Формовка,1090,1101,11
Сэндвич_batch_108,Расстойка,1092,1117,25
Сэндвич_batch_110,Смешивание,1092,1102,10
Сэндвич_batch_112,Комбинирование,1092,1113,21
Сэндвич_batch_106,Выпекание,1096,1118,22
Сэндвич_batch_104,Остывание,1097,1142,45
Сэндвич_batch_109,Расстойка,1101,1126,25
Сэндвич_batch_111,Смешивание,1101,1111,10
Сэндвич_batch_113,Комбинирование,1101,1122,21
Формовой_batch_20,Остывание,1101,1191,90
Сэндвич_batch_110,Формовка,1102,1113,11
Сэндвич_batch_107,Выпекание,1105,1127,22
Сэндвич_batch_105,Остывание,1106,1151,45
Сэндвич_batch_111,Формовка,1111,1122,11
Сэндвич_batch_110,Расстойка,1113,1138,25
Сэндвич_batch_112,Смешивание,1113,1123,10
Сэндвич_batch_114,Комбинирование,1113,1134,21
Сэндвич_batch_108,Выпекание,1117,1139,22
Сэндвич_batch_106,Остывание,1118,1163,45
Сэндвич_batch_111,Расстойка,1122,1147,25
Сэндвич_batch_113,Смешивание,1122,1132,10
Сэндвич_batch_115,Комбинирование,1122,1143,21
Сэндвич_batch_112,Формовка,1123,1134,11
Сэндвич_batch_109,Выпекание,1126,1148,22
Сэндвич_batch_107,Остывание,1127,1172,45
Сэндвич_batch_113,Формовка,1132,1143,11
Сэндвич_batch_112,Расстойка,1134,1159,25
Сэндвич_batch_114,Смешивание,1134,1144,10
Сэндвич_batch_116,Комбинирование,1134,1141,7
Сэндвич_batch_110,Выпекание,1138,1160,22
Сэндвич_batch_108,Остывание,1139,1184,45
Сэндвич_batch_116,Смешивание,1141,1151,10
Хлеб «Тартин бездрожжевой»_batch_117,Комбинирование,1141,1145,4
Булочка для хотдога штучно_batch_128,Комбинирование,1143,1164,21
Сэндвич_batch_113,Расстойка,1143,1168,25
Сэндвич_batch_115,Смешивание,1143,1153,10
Сэндвич_batch_114,Формовка,1144,1155,11
Булочка для хотдога штучно_batch_129,Комбинирование,1145,1166,21
Хлеб «Тартин бездрожжевой»_batch_117,Смешивание,1145,1155,10
Сэндвич_batch_111,Выпекание,1147,1169,22
Сэндвич_batch_109,Остывание,1148,1193,45
Сэндвич_batch_116,Формовка,1151,1155,4
Сэндвич_batch_114,Расстойка,1155,1180,25
Сэндвич_batch_115,Формовка,1155,1166,11
Сэндвич_batch_116,Расстойка,1155,1180,25
Хлеб «Тартин бездрожжевой»_batch_117,Формовка,1155,1157,2
Хлеб «Тартин бездрожжевой»_batch_117,Расстойка,1157,1177,20
Сэндвич_batch_112,Выпекание,1159,1181,22
Сэндвич_batch_110,Остывание,1160,1205,45
Булочка для хотдога штучно_batch_128,Смешивание,1164,1174,10
Булочка для хотдога штучно_batch_130,Комбинирование,1164,1185,21
Булочка для хотдога штучно_batch_129,Смешивание,1166,1176,10
Булочка для хотдога штучно_batch_131,Комбинирование,1166,1187,21
Сэндвич_batch_115,Расстойка,1166,1191,25
Сэндвич_batch_113,Выпекание,1168,1190,22
Сэндвич_batch_111,Остывание,1169,1214,45
Булочка для хотдога штучно_batch_128,Формовка,1174,1185,11
Булочка для хотдога штучно_batch_129,Формовка,1176,1187,11
Хлеб «Тартин бездрожжевой»_batch_117,Выпекание,1177,1193,16
Сэндвич_batch_114,Выпекание,1180,1202,22
Сэндвич_batch_116,Выпекание,1180,1202,22
Сэндвич_batch_112,Остывание,1181,1226,45
Булочка для хотдога штучно_batch_128,Расстойка,1185,1210,25
Булочка для хотдога штучно_batch_130,Смешивание,1185,1195,10
Булочка для хотдога штучно_batch_132,Комбинирование,1185,1206,21
Булочка для хотдога штучно_batch_129,Расстойка,1187,1212,25
Булочка для хотдога штучно_batch_131,Смешивание,1187,1197,10
Булочка для хотдога штучно_batch_133,Комбинирование,1187,1208,21
Сэндвич_batch_113,Остывание,1190,1235,45
Сэндвич_batch_115,Выпекание,1191,1213,22
Хлеб «Тартин бездрожжевой»_batch_117,Остывание,1193,1253,60
Булочка для хотдога штучно_batch_130,Формовка,1195,1206,11
Булочка для хотдога штучно_batch_131,Формовка,1197,1208,11
Сэндвич_batch_114,Остывание,1202,1247,45
Сэндвич_batch_116,Остывание,1202,1247,45
Булочка для хотдога штучно_batch_130,Расстойка,1206,1231,25
Булочка для хотдога штучно_batch_132,Смешивание,1206,1216,10
Булочка для хотдога штучно_batch_134,Комбинирование,1206,1227,21
Булочка для хотдога штучно_batch_131,Расстойка,1208,1233,25
Булочка для хотдога штучно_batch_133,Смешивание,1208,1218,10
Булочка для хотдога штучно_batch_135,Комбинирование,1208,1210,2
Булочка для хотдога штучно_batch_128,Выпекание,1210,1232,22
Датский_batch_136,Комбинирование,1210,1217,7
Булочка для хотдога штучно_batch_129,Выпекание,1212,1234,22
Сэндвич_batch_115,Остывание,1213,1258,45
Булочка для хотдога штучно_batch_132,Формовка,1216,1227,11
Булочка для хотдога штучно_batch_135,Смешивание,1216,1226,10
Баварский Деревенский Ржаной_batch_137,Комбинирование,1217,1220,3
Булочка для хотдога штучно_batch_133,Формовка,1218,1229,11
Датский_batch_136,Смешивание,1218,1228,10
Формовой_batch_2,Комбинирование,1220,1241,21
Баварский Деревенский Ржаной_batch_137,Смешивание,1226,1236,10
Булочка для хотдога штучно_batch_132,Расстойка,1227,1252,25
Булочка для хотдога штучно_batch_134,Смешивание,1227,1237,10
Булочка для хотдога штучно_batch_135,Формовка,1227,1228,1
Формовой_batch_3,Комбинирование,1227,1248,21
Булочка для хотдога штучно_batch_135,Расстойка,1228,1253,25
Датский_batch_136,Формовка,1228,1232,4
Булочка для хотдога штучно_batch_133,Расстойка,1229,1254,25
Булочка для хотдога штучно_batch_130,Выпекание,1231,1253,22
Булочка для хотдога штучно_batch_128,Остывание,1232,1277,45
Датский_batch_136,Расстойка,1232,1257,25
Булочка для хотдога штучно_batch_131,Выпекание,1233,1255,22
Булочка для хотдога штучно_batch_129,Остывание,1234,1279,45
Баварский Деревенский Ржаной_batch_137,Формовка,1236,1238,2
Булочка для хотдога штучно_batch_134,Формовка,1237,1248,11
Баварский Деревенский Ржаной_batch_137,Расстойка,1238,1268,30
Формовой_batch_2,Смешивание,1241,1253,12
Формовой_batch_4,Комбинирование,1241,1262,21
Булочка для хотдога штучно_batch_134,Расстойка,1248,1273,25
Формовой_batch_1,Комбинирование,1248,1269,21
Формовой_batch_3,Смешивание,1248,1260,12
Булочка для хотдога штучно_batch_132,Выпекание,1252,1274,22
Булочка для хотдога штучно_batch_130,Остывание,1253,1298,45
Булочка для хотдога штучно_batch_135,Выпекание,1253,1275,22
Формовой_batch_2,Формовка,1253,1264,11
Булочка для хотдога штучно_batch_133,Выпекание,1254,1276,22
Булочка для хотдога штучно_batch_131,Остывание,1255,1300,45
Датский_batch_136,Выпекание,1257,1274,17
Формовой_batch_3,Формовка,1260,1271,11
Формовой_batch_0,Комбинирование,1262,1283,21
Формовой_batch_4,Смешивание,1262,1274,12
Формовой_batch_2,Расстойка,1264,1289,25
Баварский Деревенский Ржаной_batch_137,Выпекание,1268,1286,18
Формовой_batch_1,Смешивание,1269,1281,12
Формовой_batch_3,Расстойка,1271,1296,25
Булочка для хотдога штучно_batch_134,Выпекание,1273,1295,22
Булочка для хотдога штучно_batch_132,Остывание,1274,1319,45
Датский_batch_136,Остывание,1274,1334,60
Формовой_batch_4,Формовка,1274,1285,11
Булочка для хотдога штучно_batch_135,Остывание,1275,1320,45
Булочка для хотдога штучно_batch_133,Остывание,1276,1321,45
Формовой_batch_1,Формовка,1281,1292,11
Формовой_batch_0,Смешивание,1283,1295,12
Формовой_batch_4,Расстойка,1285,1310,25
Баварский Деревенский Ржаной_batch_137,Остывание,1286,1376,90
Формовой_batch_2,Выпекание,1289,1334,45
Формовой_batch_1,Расстойка,1292,1317,25
Булочка для хотдога штучно_batch_134,Остывание,1295,1340,45
Формовой_batch_0,Формовка,1295,1306,11
Формовой_batch_3,Выпекание,1296,1341,45
Формовой_batch_0,Расстойка,1306,1331,25
Формовой_batch_4,Выпекание,1310,1355,45
Формовой_batch_1,Выпекание,1317,1362,45
Формовой_batch_0,Выпекание,1331,1376,45
Формовой_batch_2,Остывание,1334,1424,90
Формовой_batch_3,Остывание,1341,1431,90
Формовой_batch_4,Остывание,1355,1445,90
Формовой_batch_1,Остывание,1362,1452,90
Формовой_batch_0,Остывание,1376,1466,90
