Batch_ID,Stage,Start_Time_Min,End_Time_Min,Duration_Min
Булочка для хотдога штучно_batch_8,Комбинирование,0,2,2
Отрубной (общий)_batch_3,Комбинирование,0,13,13
Булочка для хотдога штучно_batch_8,Смешивание,2,12,10
Сэндвич_batch_34,Комбинирование,2,23,21
Булочка для хотдога штучно_batch_8,Формовка,12,13,1
Булочка для хотдога штучно_batch_8,Расстойка,13,38,25
Отрубной (общий)_batch_3,Смешивание,13,23,10
Чиабатта_batch_1,Комбинирование,13,17,4
Сэндвич_batch_25,Комбинирование,17,38,21
Чиабатта_batch_1,Смешивание,17,27,10
Отрубной (общий)_batch_3,Формовка,23,30,7
Сэндвич_batch_34,Смешивание,23,33,10
Формовой_batch_19,Комбинирование,23,44,21
Отрубной (общий)_batch_3,Расстойка,30,55,25
Чиабатта_batch_1,Формовка,30,32,2
Чиабатта_batch_1,Расстойка,32,57,25
Сэндвич_batch_34,Формовка,33,44,11
Булочка для хотдога штучно_batch_8,Выпекание,38,60,22
Сэндвич_batch_25,Смешивание,38,48,10
Формовой_batch_15,Комбинирование,38,59,21
Плетенка_batch_1,Комбинирование,44,65,21
Сэндвич_batch_34,Расстойка,44,69,25
Формовой_batch_19,Смешивание,44,56,12
Сэндвич_batch_25,Формовка,48,59,11
Отрубной (общий)_batch_3,Выпекание,55,72,17
Формовой_batch_19,Формовка,56,67,11
Чиабатта_batch_1,Выпекание,57,82,25
Диета_batch_3,Комбинирование,59,80,21
Сэндвич_batch_25,Расстойка,59,84,25
Формовой_batch_15,Смешивание,59,71,12
Булочка для хотдога штучно_batch_8,Остывание,60,105,45
Плетенка_batch_1,Смешивание,65,75,10
Сэндвич_batch_6,Комбинирование,65,86,21
Формовой_batch_19,Расстойка,67,92,25
Сэндвич_batch_34,Выпекание,69,91,22
Формовой_batch_15,Формовка,71,82,11
Отрубной (общий)_batch_3,Остывание,72,132,60
Плетенка_batch_1,Формовка,75,86,11
Диета_batch_3,Смешивание,80,90,10
Сэндвич_batch_19,Комбинирование,80,101,21
Формовой_batch_15,Расстойка,82,107,25
Чиабатта_batch_1,Остывание,82,157,75
Сэндвич_batch_25,Выпекание,84,106,22
Плетенка_batch_1,Расстойка,86,111,25
Семейный_batch_3,Комбинирование,86,107,21
Сэндвич_batch_6,Смешивание,86,96,10
Диета_batch_3,Формовка,90,101,11
Сэндвич_batch_34,Остывание,91,136,45
Формовой_batch_19,Выпекание,92,137,45
Сэндвич_batch_6,Формовка,96,107,11
Диета_batch_3,Расстойка,101,139,38
Сэндвич_batch_19,Смешивание,101,111,10
Сэндвич_batch_9,Комбинирование,101,122,21
Сэндвич_batch_25,Остывание,106,151,45
Семейный_batch_3,Смешивание,107,117,10
Сэндвич_batch_6,Расстойка,107,132,25
Формовой_batch_15,Выпекание,107,152,45
Формовой_batch_2,Комбинирование,107,128,21
Плетенка_batch_1,Выпекание,111,128,17
Сэндвич_batch_19,Формовка,111,122,11
Семейный_batch_3,Формовка,117,128,11
Любимый_batch_1,Комбинирование,122,143,21
Сэндвич_batch_19,Расстойка,122,147,25
Сэндвич_batch_9,Смешивание,122,132,10
Булочка для гамбургера большой с кунжутом_batch_6,Комбинирование,128,149,21
Плетенка_batch_1,Остывание,128,188,60
Семейный_batch_3,Расстойка,128,153,25
Формовой_batch_2,Смешивание,128,140,12
Сэндвич_batch_6,Выпекание,132,154,22
Сэндвич_batch_9,Формовка,132,143,11
Формовой_batch_19,Остывание,137,227,90
Диета_batch_3,Выпекание,139,174,35
Формовой_batch_2,Формовка,140,151,11
Любимый_batch_1,Смешивание,143,153,10
Сэндвич_batch_13,Комбинирование,143,164,21
Сэндвич_batch_9,Расстойка,143,168,25
Сэндвич_batch_19,Выпекание,147,169,22
Батон Верный_batch_1,Комбинирование,149,160,11
Булочка для гамбургера большой с кунжутом_batch_6,Смешивание,149,159,10
Формовой_batch_2,Расстойка,151,176,25
Формовой_batch_15,Остывание,152,242,90
Любимый_batch_1,Формовка,153,164,11
Семейный_batch_3,Выпекание,153,170,17
Сэндвич_batch_6,Остывание,154,199,45
Булочка для гамбургера большой с кунжутом_batch_6,Формовка,159,170,11
Батон Верный_batch_1,Смешивание,160,170,10
Премиум_batch_1,Комбинирование,160,163,3
Любимый_batch_6,Комбинирование,163,184,21
Премиум_batch_1,Смешивание,163,173,10
Любимый_batch_1,Расстойка,164,189,25
Сэндвич_batch_13,Смешивание,164,174,10
Сэндвич_batch_16,Комбинирование,164,185,21
Сэндвич_batch_9,Выпекание,168,190,22
Сэндвич_batch_19,Остывание,169,214,45
Батон Верный_batch_1,Формовка,170,176,6
Булочка для гамбургера большой с кунжутом_batch_6,Расстойка,170,195,25
Семейный_batch_3,Остывание,170,230,60
Диета_batch_3,Остывание,174,264,90
Сэндвич_batch_13,Формовка,174,185,11
Батон Верный_batch_1,Расстойка,176,201,25
Премиум_batch_1,Формовка,176,178,2
Формовой_batch_2,Выпекание,176,221,45
Премиум_batch_1,Расстойка,178,203,25
Любимый_batch_6,Смешивание,184,194,10
Сэндвич_batch_5,Комбинирование,184,205,21
Жайлы_batch_2,Комбинирование,185,203,18
Сэндвич_batch_13,Расстойка,185,210,25
Сэндвич_batch_16,Смешивание,185,195,10
Любимый_batch_1,Выпекание,189,206,17
Сэндвич_batch_9,Остывание,190,235,45
Любимый_batch_6,Формовка,194,205,11
Булочка для гамбургера большой с кунжутом_batch_6,Выпекание,195,217,22
Сэндвич_batch_16,Формовка,195,206,11
Батон Верный_batch_1,Выпекание,201,218,17
Жайлы_batch_2,Смешивание,203,213,10
Премиум_batch_1,Выпекание,203,228,25
Формовой_batch_6,Комбинирование,203,224,21
Батон Нарезной_batch_3,Комбинирование,205,226,21
Любимый_batch_6,Расстойка,205,230,25
Сэндвич_batch_5,Смешивание,205,215,10
Любимый_batch_1,Остывание,206,266,60
Сэндвич_batch_16,Расстойка,206,231,25
Сэндвич_batch_13,Выпекание,210,232,22
Жайлы_batch_2,Формовка,213,223,10
Сэндвич_batch_5,Формовка,215,226,11
Булочка для гамбургера большой с кунжутом_batch_6,Остывание,217,262,45
Батон Верный_batch_1,Остывание,218,278,60
Формовой_batch_2,Остывание,221,311,90
Жайлы_batch_2,Расстойка,223,248,25
Булочка для гамбургера большой с кунжутом_batch_5,Комбинирование,224,245,21
Формовой_batch_6,Смешивание,224,236,12
Батон Нарезной_batch_3,Смешивание,226,236,10
Семейный_batch_1,Комбинирование,226,247,21
Сэндвич_batch_5,Расстойка,226,251,25
Премиум_batch_1,Остывание,228,303,75
Любимый_batch_6,Выпекание,230,247,17
Сэндвич_batch_16,Выпекание,231,253,22
Сэндвич_batch_13,Остывание,232,277,45
Батон Нарезной_batch_3,Формовка,236,247,11
Формовой_batch_6,Формовка,236,247,11
Булочка для гамбургера большой с кунжутом_batch_5,Смешивание,245,255,10
Формовой_batch_25,Комбинирование,245,266,21
Батон Нарезной_batch_3,Расстойка,247,272,25
Любимый_batch_6,Остывание,247,307,60
Семейный_batch_1,Смешивание,247,257,10
Формовой_batch_12,Комбинирование,247,268,21
Формовой_batch_6,Расстойка,247,272,25
Жайлы_batch_2,Выпекание,248,265,17
Сэндвич_batch_5,Выпекание,251,273,22
Сэндвич_batch_16,Остывание,253,298,45
Булочка для гамбургера большой с кунжутом_batch_5,Формовка,255,266,11
Семейный_batch_1,Формовка,257,268,11
Жайлы_batch_2,Остывание,265,325,60
Булочка для гамбургера большой с кунжутом_batch_5,Расстойка,266,291,25
Любимый_batch_8,Комбинирование,266,287,21
Формовой_batch_25,Смешивание,266,278,12
Семейный_batch_1,Расстойка,268,293,25
Сэндвич_batch_14,Комбинирование,268,289,21
Формовой_batch_12,Смешивание,268,280,12
Батон Нарезной_batch_3,Выпекание,272,289,17
Формовой_batch_6,Выпекание,272,317,45
Сэндвич_batch_5,Остывание,273,318,45
Формовой_batch_25,Формовка,278,289,11
Формовой_batch_12,Формовка,280,291,11
Любимый_batch_4,Комбинирование,287,308,21
Любимый_batch_8,Смешивание,287,297,10
Батон Нарезной_batch_2,Комбинирование,289,310,21
Батон Нарезной_batch_3,Остывание,289,349,60
Сэндвич_batch_14,Смешивание,289,299,10
Формовой_batch_25,Расстойка,289,314,25
Булочка для гамбургера большой с кунжутом_batch_5,Выпекание,291,313,22
Формовой_batch_12,Расстойка,291,316,25
Семейный_batch_1,Выпекание,293,310,17
Любимый_batch_8,Формовка,297,308,11
Сэндвич_batch_14,Формовка,299,310,11
Любимый_batch_4,Смешивание,308,318,10
Любимый_batch_8,Расстойка,308,333,25
Хлеб «Тартин бездрожжевой»_batch_1,Комбинирование,308,312,4
Батон Нарезной_batch_2,Смешивание,310,320,10
Семейный_batch_1,Остывание,310,370,60
Сэндвич_batch_14,Расстойка,310,335,25
Сэндвич_batch_38,Комбинирование,310,331,21
Бородинский_batch_7,Комбинирование,312,319,7
Хлеб «Тартин бездрожжевой»_batch_1,Смешивание,312,322,10
Булочка для гамбургера большой с кунжутом_batch_5,Остывание,313,358,45
Формовой_batch_25,Выпекание,314,359,45
Формовой_batch_12,Выпекание,316,361,45
Формовой_batch_6,Остывание,317,407,90
Любимый_batch_4,Формовка,318,329,11
Датский_batch_1,Комбинирование,319,326,7
Батон Нарезной_batch_2,Формовка,320,331,11
Бородинский_batch_7,Смешивание,320,330,10
Датский_batch_1,Смешивание,326,336,10
Зерновой Столичный_batch_1,Комбинирование,326,330,4
Любимый_batch_4,Расстойка,329,354,25
Хлеб «Тартин бездрожжевой»_batch_1,Формовка,329,331,2
Зерновой Столичный_batch_1,Смешивание,330,340,10
Формовой_batch_16,Комбинирование,330,351,21
Батон Нарезной_batch_2,Расстойка,331,356,25
Бородинский_batch_7,Формовка,331,335,4
Сэндвич_batch_31,Комбинирование,331,352,21
Сэндвич_batch_38,Смешивание,331,341,10
Хлеб «Тартин бездрожжевой»_batch_1,Расстойка,331,351,20
Любимый_batch_8,Выпекание,333,350,17
Бородинский_batch_7,Расстойка,335,355,20
Сэндвич_batch_14,Выпекание,335,357,22
Датский_batch_1,Формовка,336,340,4
Датский_batch_1,Расстойка,340,365,25
Зерновой Столичный_batch_1,Формовка,340,343,3
Сэндвич_batch_38,Формовка,341,352,11
Зерновой Столичный_batch_1,Расстойка,343,368,25
Любимый_batch_8,Остывание,350,410,60
Сэндвич_batch_36,Комбинирование,351,372,21
Формовой_batch_16,Смешивание,351,363,12
Хлеб «Тартин бездрожжевой»_batch_1,Выпекание,351,367,16
Сэндвич_batch_31,Смешивание,352,362,10
Сэндвич_batch_38,Расстойка,352,377,25
Формовой_batch_14,Комбинирование,352,373,21
Любимый_batch_4,Выпекание,354,371,17
Батон Нарезной_batch_2,Выпекание,356,373,17
Сэндвич_batch_14,Остывание,357,402,45
Бородинский_batch_7,Выпекание,359,414,55
Формовой_batch_25,Остывание,359,449,90
Формовой_batch_12,Остывание,361,451,90
Сэндвич_batch_31,Формовка,362,373,11
Формовой_batch_16,Формовка,363,374,11
Датский_batch_1,Выпекание,365,382,17
Хлеб «Тартин бездрожжевой»_batch_1,Остывание,367,427,60
Зерновой Столичный_batch_1,Выпекание,368,385,17
Любимый_batch_4,Остывание,371,431,60
Булочка для гамбургера большой с кунжутом_batch_4,Комбинирование,372,393,21
Сэндвич_batch_36,Смешивание,372,382,10
Батон Нарезной_batch_2,Остывание,373,433,60
Сэндвич_batch_30,Комбинирование,373,394,21
Сэндвич_batch_31,Расстойка,373,398,25
Формовой_batch_14,Смешивание,373,385,12
Формовой_batch_16,Расстойка,374,399,25
Сэндвич_batch_38,Выпекание,377,399,22
Датский_batch_1,Остывание,382,442,60
Сэндвич_batch_36,Формовка,382,393,11
Зерновой Столичный_batch_1,Остывание,385,445,60
Формовой_batch_14,Формовка,385,396,11
Булочка для гамбургера большой с кунжутом_batch_2,Комбинирование,393,414,21
Булочка для гамбургера большой с кунжутом_batch_4,Смешивание,393,403,10
Сэндвич_batch_36,Расстойка,393,418,25
Багет новый_batch_3,Комбинирование,394,410,16
Сэндвич_batch_30,Смешивание,394,404,10
Формовой_batch_14,Расстойка,396,421,25
Сэндвич_batch_31,Выпекание,398,420,22
Сэндвич_batch_38,Остывание,399,444,45
Формовой_batch_16,Выпекание,399,444,45
Булочка для гамбургера большой с кунжутом_batch_4,Формовка,403,414,11
Сэндвич_batch_30,Формовка,404,415,11
Багет новый_batch_3,Смешивание,410,420,10
Сэндвич_batch_22,Комбинирование,410,431,21
Бородинский_batch_7,Остывание,414,534,120
Булочка для гамбургера большой с кунжутом_batch_2,Смешивание,414,424,10
Булочка для гамбургера большой с кунжутом_batch_4,Расстойка,414,439,25
Формовой_batch_18,Комбинирование,414,435,21
Сэндвич_batch_30,Расстойка,415,440,25
Сэндвич_batch_36,Выпекание,418,440,22
Багет новый_batch_3,Формовка,420,429,9
Сэндвич_batch_31,Остывание,420,465,45
Формовой_batch_14,Выпекание,421,466,45
Булочка для гамбургера большой с кунжутом_batch_2,Формовка,424,435,11
Багет новый_batch_3,Расстойка,429,454,25
Сэндвич_batch_22,Смешивание,431,441,10
Формовой_batch_3,Комбинирование,431,452,21
Булочка для гамбургера большой с кунжутом_batch_2,Расстойка,435,460,25
Диета_batch_1,Комбинирование,435,456,21
Формовой_batch_18,Смешивание,435,447,12
Булочка для гамбургера большой с кунжутом_batch_4,Выпекание,439,461,22
Сэндвич_batch_30,Выпекание,440,462,22
Сэндвич_batch_36,Остывание,440,485,45
Сэндвич_batch_22,Формовка,441,452,11
Формовой_batch_16,Остывание,444,534,90
Формовой_batch_18,Формовка,447,458,11
Сэндвич_batch_20,Комбинирование,452,473,21
Сэндвич_batch_22,Расстойка,452,477,25
Формовой_batch_3,Смешивание,452,464,12
Багет новый_batch_3,Выпекание,454,479,25
Багет отрубной_batch_1,Комбинирование,456,467,11
Диета_batch_1,Смешивание,456,466,10
Формовой_batch_18,Расстойка,458,483,25
Булочка для гамбургера большой с кунжутом_batch_2,Выпекание,460,482,22
Булочка для гамбургера большой с кунжутом_batch_4,Остывание,461,506,45
Сэндвич_batch_30,Остывание,462,507,45
Формовой_batch_3,Формовка,464,475,11
Диета_batch_1,Формовка,466,477,11
Формовой_batch_14,Остывание,466,556,90
Багет отрубной_batch_1,Смешивание,467,477,10
Формовой_batch_26,Комбинирование,467,468,1
Любимый_batch_2,Комбинирование,468,489,21
Формовой_batch_26,Смешивание,468,480,12
Сэндвич_batch_10,Комбинирование,473,494,21
Сэндвич_batch_20,Смешивание,473,483,10
Формовой_batch_3,Расстойка,475,500,25
Багет отрубной_batch_1,Формовка,477,483,6
Диета_batch_1,Расстойка,477,515,38
Сэндвич_batch_22,Выпекание,477,499,22
Багет новый_batch_3,Остывание,479,554,75
Булочка для гамбургера большой с кунжутом_batch_2,Остывание,482,527,45
Багет отрубной_batch_1,Расстойка,483,508,25
Сэндвич_batch_20,Формовка,483,494,11
Формовой_batch_18,Выпекание,483,528,45
Формовой_batch_26,Формовка,483,484,1
Формовой_batch_26,Расстойка,484,509,25
Любимый_batch_2,Смешивание,489,499,10
Сэндвич_batch_18,Комбинирование,489,510,21
Багет луковый_batch_1,Комбинирование,494,505,11
Сэндвич_batch_10,Смешивание,494,504,10
Сэндвич_batch_20,Расстойка,494,519,25
Любимый_batch_2,Формовка,499,510,11
Сэндвич_batch_22,Остывание,499,544,45
Формовой_batch_3,Выпекание,500,545,45
Сэндвич_batch_10,Формовка,504,515,11
Баварский Деревенский Ржаной_batch_1,Комбинирование,505,508,3
Багет луковый_batch_1,Смешивание,505,515,10
Баварский Деревенский Ржаной_batch_1,Смешивание,508,518,10
Багет отрубной_batch_1,Выпекание,508,526,18
Немецкий хлеб_batch_1,Комбинирование,508,511,3
Формовой_batch_26,Выпекание,509,554,45
Любимый_batch_2,Расстойка,510,535,25
Сэндвич_batch_18,Смешивание,510,520,10
Формовой_batch_5,Комбинирование,510,531,21
Булочка для хотдога штучно_batch_2,Комбинирование,511,532,21
Багет луковый_batch_1,Формовка,515,521,6
Диета_batch_1,Выпекание,515,550,35
Немецкий хлеб_batch_1,Смешивание,515,525,10
Сэндвич_batch_10,Расстойка,515,540,25
Сэндвич_batch_20,Выпекание,519,541,22
Сэндвич_batch_18,Формовка,520,531,11
Баварский Деревенский Ржаной_batch_1,Формовка,521,523,2
Багет луковый_batch_1,Расстойка,521,541,20
Баварский Деревенский Ржаной_batch_1,Расстойка,523,553,30
Немецкий хлеб_batch_1,Формовка,525,527,2
Багет отрубной_batch_1,Остывание,526,571,45
Немецкий хлеб_batch_1,Расстойка,527,552,25
Формовой_batch_18,Остывание,528,618,90
Бородинский_batch_3,Комбинирование,531,552,21
Сэндвич_batch_18,Расстойка,531,556,25
Формовой_batch_5,Смешивание,531,543,12
Булочка для хотдога штучно_batch_2,Смешивание,532,542,10
Сэндвич_batch_29,Комбинирование,532,553,21
Любимый_batch_2,Выпекание,535,552,17
Сэндвич_batch_10,Выпекание,540,562,22
Сэндвич_batch_20,Остывание,541,586,45
Булочка для хотдога штучно_batch_2,Формовка,542,553,11
Формовой_batch_5,Формовка,543,554,11
Багет луковый_batch_1,Выпекание,545,563,18
Формовой_batch_3,Остывание,545,635,90
Диета_batch_1,Остывание,550,640,90
Бородинский_batch_3,Смешивание,552,562,10
Любимый_batch_2,Остывание,552,612,60
Немецкий хлеб_batch_1,Выпекание,552,577,25
Сэндвич_batch_11,Комбинирование,552,573,21
Баварский Деревенский Ржаной_batch_1,Выпекание,553,571,18
Булочка для хотдога штучно_batch_2,Расстойка,553,578,25
Славянский_batch_1,Комбинирование,553,555,2
Сэндвич_batch_29,Смешивание,553,563,10
Формовой_batch_26,Остывание,554,644,90
Формовой_batch_5,Расстойка,554,579,25
Сэндвич_batch_17,Комбинирование,555,576,21
Сэндвич_batch_18,Выпекание,556,578,22
Бородинский_batch_3,Формовка,562,573,11
Славянский_batch_1,Смешивание,562,572,10
Сэндвич_batch_10,Остывание,562,607,45
Багет луковый_batch_1,Остывание,563,608,45
Сэндвич_batch_29,Формовка,563,574,11
Баварский Деревенский Ржаной_batch_1,Остывание,571,661,90
Бородинский_batch_3,Расстойка,573,593,20
Бородинский_batch_5,Комбинирование,573,594,21
Сэндвич_batch_11,Смешивание,573,583,10
Славянский_batch_1,Формовка,574,575,1
Сэндвич_batch_29,Расстойка,574,599,25
Славянский_batch_1,Расстойка,575,600,25
Сэндвич_batch_17,Смешивание,576,586,10
Формовой_batch_17,Комбинирование,576,597,21
Немецкий хлеб_batch_1,Остывание,577,652,75
Булочка для хотдога штучно_batch_2,Выпекание,578,600,22
Сэндвич_batch_18,Остывание,578,623,45
Формовой_batch_5,Выпекание,579,624,45
Сэндвич_batch_11,Формовка,583,594,11
Сэндвич_batch_17,Формовка,586,597,11
Бородинский_batch_3,Выпекание,593,648,55
Бородинский_batch_5,Смешивание,594,604,10
Сэндвич_batch_11,Расстойка,594,619,25
Сэндвич_batch_2,Комбинирование,594,615,21
Сэндвич_batch_17,Расстойка,597,622,25
Формовой_batch_10,Комбинирование,597,618,21
Формовой_batch_17,Смешивание,597,609,12
Сэндвич_batch_29,Выпекание,599,621,22
Булочка для хотдога штучно_batch_2,Остывание,600,645,45
Славянский_batch_1,Выпекание,600,617,17
Бородинский_batch_5,Формовка,604,615,11
Формовой_batch_17,Формовка,609,620,11
Бородинский_batch_5,Расстойка,615,635,20
Булочка для хотдога штучно_batch_4,Комбинирование,615,636,21
Сэндвич_batch_2,Смешивание,615,625,10
Славянский_batch_1,Остывание,617,677,60
Береке_batch_1,Комбинирование,618,639,21
Формовой_batch_10,Смешивание,618,630,12
Сэндвич_batch_11,Выпекание,619,641,22
Формовой_batch_17,Расстойка,620,645,25
Сэндвич_batch_29,Остывание,621,666,45
Сэндвич_batch_17,Выпекание,622,644,22
Формовой_batch_5,Остывание,624,714,90
Сэндвич_batch_2,Формовка,625,636,11
Формовой_batch_10,Формовка,630,641,11
Бородинский_batch_5,Выпекание,635,690,55
Булочка для хотдога штучно_batch_4,Смешивание,636,646,10
Сэндвич_batch_2,Расстойка,636,661,25
Сэндвич_batch_8,Комбинирование,636,657,21
Береке_batch_1,Смешивание,639,649,10
Сэндвич_batch_24,Комбинирование,639,660,21
Сэндвич_batch_11,Остывание,641,686,45
Формовой_batch_10,Расстойка,641,666,25
Сэндвич_batch_17,Остывание,644,689,45
Формовой_batch_17,Выпекание,645,690,45
Булочка для хотдога штучно_batch_4,Формовка,646,657,11
Бородинский_batch_3,Остывание,648,768,120
Береке_batch_1,Формовка,649,660,11
Булочка для хотдога штучно_batch_4,Расстойка,657,682,25
Мини формовой_batch_1,Комбинирование,657,678,21
Сэндвич_batch_8,Смешивание,657,667,10
Береке_batch_1,Расстойка,660,680,20
Сэндвич_batch_24,Смешивание,660,670,10
Формовой_batch_23,Комбинирование,660,681,21
Сэндвич_batch_2,Выпекание,661,683,22
Формовой_batch_10,Выпекание,666,711,45
Сэндвич_batch_8,Формовка,667,678,11
Сэндвич_batch_24,Формовка,670,681,11
Мини формовой_batch_1,Смешивание,678,690,12
Сэндвич_batch_8,Расстойка,678,703,25
Формовой_batch_22,Комбинирование,678,699,21
Береке_batch_1,Выпекание,680,696,16
Семейный_batch_4,Комбинирование,681,694,13
Сэндвич_batch_24,Расстойка,681,706,25
Формовой_batch_23,Смешивание,681,693,12
Булочка для хотдога штучно_batch_4,Выпекание,682,704,22
Сэндвич_batch_2,Остывание,683,728,45
Бородинский_batch_5,Остывание,690,810,120
Мини формовой_batch_1,Формовка,690,701,11
Формовой_batch_17,Остывание,690,780,90
Формовой_batch_23,Формовка,693,704,11
Булочка для хотдога штучно_batch_1,Комбинирование,694,715,21
Семейный_batch_4,Смешивание,694,704,10
Береке_batch_1,Остывание,696,756,60
Жайлы_batch_1,Комбинирование,699,720,21
Формовой_batch_22,Смешивание,699,711,12
Мини формовой_batch_1,Расстойка,701,726,25
Сэндвич_batch_8,Выпекание,703,725,22
Булочка для хотдога штучно_batch_4,Остывание,704,749,45
Семейный_batch_4,Формовка,704,711,7
Формовой_batch_23,Расстойка,704,729,25
Сэндвич_batch_24,Выпекание,706,728,22
Семейный_batch_4,Расстойка,711,736,25
Формовой_batch_10,Остывание,711,801,90
Формовой_batch_22,Формовка,711,722,11
Булочка для хотдога штучно_batch_1,Смешивание,715,725,10
Любимый_batch_9,Комбинирование,715,729,14
Диета_batch_4,Комбинирование,720,733,13
Жайлы_batch_1,Смешивание,720,730,10
Формовой_batch_22,Расстойка,722,747,25
Булочка для хотдога штучно_batch_1,Формовка,725,736,11
Сэндвич_batch_8,Остывание,725,770,45
Мини формовой_batch_1,Выпекание,726,771,45
Сэндвич_batch_24,Остывание,728,773,45
Бородинский_batch_1,Комбинирование,729,750,21
Любимый_batch_9,Смешивание,729,739,10
Формовой_batch_23,Выпекание,729,774,45
Жайлы_batch_1,Формовка,730,741,11
Диета_batch_4,Смешивание,733,743,10
Сэндвич_batch_23,Комбинирование,733,754,21
Булочка для хотдога штучно_batch_1,Расстойка,736,761,25
Семейный_batch_4,Выпекание,736,753,17
Любимый_batch_9,Формовка,739,746,7
Жайлы_batch_1,Расстойка,741,766,25
Диета_batch_4,Формовка,743,750,7
Любимый_batch_9,Расстойка,746,771,25
Формовой_batch_22,Выпекание,747,792,45
Бородинский_batch_1,Смешивание,750,760,10
Диета_batch_4,Расстойка,750,788,38
Сэндвич_batch_28,Комбинирование,750,771,21
Семейный_batch_4,Остывание,753,813,60
Багет новый_batch_2,Комбинирование,754,775,21
Сэндвич_batch_23,Смешивание,754,764,10
Бородинский_batch_1,Формовка,760,771,11
Булочка для хотдога штучно_batch_1,Выпекание,761,783,22
Сэндвич_batch_23,Формовка,764,775,11
Жайлы_batch_1,Выпекание,766,783,17
Бородинский_batch_1,Расстойка,771,791,20
Любимый_batch_9,Выпекание,771,788,17
Мини формовой_batch_1,Остывание,771,861,90
Сэндвич_batch_28,Смешивание,771,781,10
Хлеб «Зерновой»_batch_2,Комбинирование,771,781,10
Формовой_batch_23,Остывание,774,864,90
Багет новый_batch_2,Смешивание,775,785,10
Сэндвич_batch_23,Расстойка,775,800,25
Формовой_batch_4,Комбинирование,775,796,21
Плетенка_batch_2,Комбинирование,781,784,3
Сэндвич_batch_28,Формовка,781,792,11
Хлеб «Зерновой»_batch_2,Смешивание,781,791,10
Булочка для хотдога штучно_batch_1,Остывание,783,828,45
Жайлы_batch_1,Остывание,783,843,60
Любимый_batch_5,Комбинирование,784,805,21
Багет новый_batch_2,Формовка,785,796,11
Плетенка_batch_2,Смешивание,785,795,10
Диета_batch_4,Выпекание,788,823,35
Любимый_batch_9,Остывание,788,848,60
Бородинский_batch_1,Выпекание,791,846,55
Сэндвич_batch_28,Расстойка,792,817,25
Формовой_batch_22,Остывание,792,882,90
Хлеб «Зерновой»_batch_2,Формовка,792,797,5
Багет новый_batch_2,Расстойка,796,821,25
Любимый_batch_7,Комбинирование,796,817,21
Формовой_batch_4,Смешивание,796,808,12
Плетенка_batch_2,Формовка,797,799,2
Хлеб «Зерновой»_batch_2,Расстойка,797,822,25
Плетенка_batch_2,Расстойка,799,824,25
Сэндвич_batch_23,Выпекание,800,822,22
Любимый_batch_5,Смешивание,805,815,10
Сэндвич_batch_3,Комбинирование,805,826,21
Формовой_batch_4,Формовка,808,819,11
Любимый_batch_5,Формовка,815,826,11
Любимый_batch_3,Комбинирование,817,838,21
Любимый_batch_7,Смешивание,817,827,10
Сэндвич_batch_28,Выпекание,817,839,22
Формовой_batch_4,Расстойка,819,844,25
Багет новый_batch_2,Выпекание,821,846,25
Сэндвич_batch_23,Остывание,822,867,45
Хлеб «Зерновой»_batch_2,Выпекание,822,847,25
Диета_batch_4,Остывание,823,913,90
Плетенка_batch_2,Выпекание,824,841,17
Бородинский_batch_2,Комбинирование,826,847,21
Любимый_batch_5,Расстойка,826,851,25
Сэндвич_batch_3,Смешивание,826,836,10
Любимый_batch_7,Формовка,827,838,11
Сэндвич_batch_3,Формовка,836,847,11
Любимый_batch_3,Смешивание,838,848,10
Любимый_batch_7,Расстойка,838,863,25
Формовой_batch_7,Комбинирование,838,859,21
Сэндвич_batch_28,Остывание,839,884,45
Плетенка_batch_2,Остывание,841,901,60
Формовой_batch_4,Выпекание,844,889,45
Багет новый_batch_2,Остывание,846,921,75
Бородинский_batch_1,Остывание,846,966,120
Батон Нарезной_batch_4,Комбинирование,847,866,19
Бородинский_batch_2,Смешивание,847,857,10
Сэндвич_batch_3,Расстойка,847,872,25
Хлеб «Зерновой»_batch_2,Остывание,847,922,75
Любимый_batch_3,Формовка,848,859,11
Любимый_batch_5,Выпекание,851,868,17
Бородинский_batch_2,Формовка,857,868,11
Багет новый_batch_1,Комбинирование,859,880,21
Любимый_batch_3,Расстойка,859,884,25
Формовой_batch_7,Смешивание,859,871,12
Любимый_batch_7,Выпекание,863,880,17
Батон Нарезной_batch_4,Смешивание,866,876,10
Береке_batch_2,Комбинирование,866,877,11
Бородинский_batch_2,Расстойка,868,888,20
Любимый_batch_5,Остывание,868,928,60
Формовой_batch_7,Формовка,871,882,11
Сэндвич_batch_3,Выпекание,872,894,22
Батон Нарезной_batch_4,Формовка,876,886,10
Береке_batch_2,Смешивание,877,887,10
Домашний_batch_1,Комбинирование,877,880,3
Багет новый_batch_1,Смешивание,880,890,10
Булочка для хотдога штучно_batch_5,Комбинирование,880,901,21
Булочка для хотдога штучно_batch_6,Комбинирование,880,901,21
Домашний_batch_1,Смешивание,880,890,10
Любимый_batch_7,Остывание,880,940,60
Формовой_batch_7,Расстойка,882,907,25
Любимый_batch_3,Выпекание,884,901,17
Батон Нарезной_batch_4,Расстойка,886,911,25
Береке_batch_2,Формовка,887,893,6
Бородинский_batch_2,Выпекание,888,943,55
Формовой_batch_4,Остывание,889,979,90
Багет новый_batch_1,Формовка,890,901,11
Береке_batch_2,Расстойка,893,913,20
Домашний_batch_1,Формовка,893,895,2
Сэндвич_batch_3,Остывание,894,939,45
Домашний_batch_1,Расстойка,895,920,25
Багет новый_batch_1,Расстойка,901,926,25
Булочка для хотдога штучно_batch_5,Смешивание,901,911,10
Булочка для хотдога штучно_batch_6,Смешивание,901,911,10
Любимый_batch_3,Остывание,901,961,60
Сэндвич_batch_15,Комбинирование,901,922,21
Сэндвич_batch_21,Комбинирование,901,922,21
Формовой_batch_7,Выпекание,907,952,45
Батон Нарезной_batch_4,Выпекание,911,928,17
Булочка для хотдога штучно_batch_5,Формовка,911,922,11
Булочка для хотдога штучно_batch_6,Формовка,911,922,11
Береке_batch_2,Выпекание,913,929,16
Домашний_batch_1,Выпекание,920,937,17
Булочка для хотдога штучно_batch_5,Расстойка,922,947,25
Булочка для хотдога штучно_batch_6,Расстойка,922,947,25
Семейный_batch_2,Комбинирование,922,943,21
Сэндвич_batch_15,Смешивание,922,932,10
Сэндвич_batch_21,Смешивание,922,932,10
Хлеб «Зерновой»_batch_1,Комбинирование,922,943,21
Багет новый_batch_1,Выпекание,926,951,25
Батон Нарезной_batch_4,Остывание,928,988,60
Береке_batch_2,Остывание,929,989,60
Сэндвич_batch_15,Формовка,932,943,11
Сэндвич_batch_21,Формовка,932,943,11
Домашний_batch_1,Остывание,937,997,60
Бородинский_batch_2,Остывание,943,1063,120
Семейный_batch_2,Смешивание,943,953,10
Сэндвич_batch_1,Комбинирование,943,964,21
Сэндвич_batch_15,Расстойка,943,968,25
Сэндвич_batch_21,Расстойка,943,968,25
Формовой_batch_20,Комбинирование,943,964,21
Хлеб «Зерновой»_batch_1,Смешивание,943,953,10
Булочка для хотдога штучно_batch_5,Выпекание,947,969,22
Булочка для хотдога штучно_batch_6,Выпекание,947,969,22
Багет новый_batch_1,Остывание,951,1026,75
Формовой_batch_7,Остывание,952,1042,90
Семейный_batch_2,Формовка,953,964,11
Хлеб «Зерновой»_batch_1,Формовка,953,964,11
Семейный_batch_2,Расстойка,964,989,25
Сэндвич_batch_1,Смешивание,964,974,10
Сэндвич_batch_27,Комбинирование,964,985,21
Формовой_batch_20,Смешивание,964,976,12
Формовой_batch_9,Комбинирование,964,985,21
Хлеб «Зерновой»_batch_1,Расстойка,964,989,25
Сэндвич_batch_15,Выпекание,968,990,22
Сэндвич_batch_21,Выпекание,968,990,22
Булочка для хотдога штучно_batch_5,Остывание,969,1014,45
Булочка для хотдога штучно_batch_6,Остывание,969,1014,45
Сэндвич_batch_1,Формовка,974,985,11
Формовой_batch_20,Формовка,976,987,11
Сэндвич_batch_1,Расстойка,985,1010,25
Сэндвич_batch_26,Комбинирование,985,1006,21
Сэндвич_batch_27,Смешивание,985,995,10
Формовой_batch_8,Комбинирование,985,1006,21
Формовой_batch_9,Смешивание,985,997,12
Формовой_batch_20,Расстойка,987,1012,25
Семейный_batch_2,Выпекание,989,1006,17
Хлеб «Зерновой»_batch_1,Выпекание,989,1014,25
Сэндвич_batch_15,Остывание,990,1035,45
Сэндвич_batch_21,Остывание,990,1035,45
Сэндвич_batch_27,Формовка,995,1006,11
Формовой_batch_9,Формовка,997,1008,11
Мини формовой_batch_3,Комбинирование,1006,1027,21
Семейный_batch_2,Остывание,1006,1066,60
Сэндвич_batch_26,Смешивание,1006,1016,10
Сэндвич_batch_27,Расстойка,1006,1031,25
Формовой_batch_24,Комбинирование,1006,1027,21
Формовой_batch_8,Смешивание,1006,1018,12
Формовой_batch_9,Расстойка,1008,1033,25
Сэндвич_batch_1,Выпекание,1010,1032,22
Формовой_batch_20,Выпекание,1012,1057,45
Хлеб «Зерновой»_batch_1,Остывание,1014,1089,75
Сэндвич_batch_26,Формовка,1016,1027,11
Формовой_batch_8,Формовка,1018,1029,11
Булочка для гамбургера большой с кунжутом_batch_3,Комбинирование,1027,1048,21
Диета_batch_2,Комбинирование,1027,1048,21
Мини формовой_batch_3,Смешивание,1027,1039,12
Сэндвич_batch_26,Расстойка,1027,1052,25
Формовой_batch_24,Смешивание,1027,1039,12
Формовой_batch_8,Расстойка,1029,1054,25
Сэндвич_batch_27,Выпекание,1031,1053,22
Сэндвич_batch_1,Остывание,1032,1077,45
Формовой_batch_9,Выпекание,1033,1078,45
Мини формовой_batch_3,Формовка,1039,1050,11
Формовой_batch_24,Формовка,1039,1050,11
Булочка для гамбургера большой с кунжутом_batch_3,Смешивание,1048,1058,10
Диета_batch_2,Смешивание,1048,1058,10
Отрубной (общий)_batch_2,Комбинирование,1048,1069,21
Формовой_batch_13,Комбинирование,1048,1069,21
Мини формовой_batch_3,Расстойка,1050,1075,25
Формовой_batch_24,Расстойка,1050,1075,25
Сэндвич_batch_26,Выпекание,1052,1074,22
Сэндвич_batch_27,Остывание,1053,1098,45
Формовой_batch_8,Выпекание,1054,1099,45
Формовой_batch_20,Остывание,1057,1147,90
Булочка для гамбургера большой с кунжутом_batch_3,Формовка,1058,1069,11
Диета_batch_2,Формовка,1058,1069,11
Бородинский_batch_4,Комбинирование,1069,1090,21
Бородинский_batch_6,Комбинирование,1069,1090,21
Булочка для гамбургера большой с кунжутом_batch_3,Расстойка,1069,1094,25
Диета_batch_2,Расстойка,1069,1107,38
Отрубной (общий)_batch_2,Смешивание,1069,1079,10
Формовой_batch_13,Смешивание,1069,1081,12
Сэндвич_batch_26,Остывание,1074,1119,45
Мини формовой_batch_3,Выпекание,1075,1120,45
Формовой_batch_24,Выпекание,1075,1120,45
Формовой_batch_9,Остывание,1078,1168,90
Отрубной (общий)_batch_2,Формовка,1079,1090,11
Формовой_batch_13,Формовка,1081,1092,11
Бородинский_batch_4,Смешивание,1090,1100,10
Бородинский_batch_6,Смешивание,1090,1100,10
Здоровье_batch_1,Комбинирование,1090,1095,5
Отрубной (общий)_batch_2,Расстойка,1090,1115,25
Сэндвич_batch_33,Комбинирование,1090,1111,21
Формовой_batch_13,Расстойка,1092,1117,25
Булочка для гамбургера большой с кунжутом_batch_3,Выпекание,1094,1116,22
Сэндвич_batch_39,Комбинирование,1095,1102,7
Формовой_batch_8,Остывание,1099,1189,90
Бородинский_batch_4,Формовка,1100,1111,11
Бородинский_batch_6,Формовка,1100,1111,11
Здоровье_batch_1,Смешивание,1100,1110,10
Батон Нарезной_batch_1,Комбинирование,1102,1123,21
Сэндвич_batch_39,Смешивание,1102,1112,10
Диета_batch_2,Выпекание,1107,1142,35
Бородинский_batch_4,Расстойка,1111,1131,20
Бородинский_batch_6,Расстойка,1111,1131,20
Здоровье_batch_1,Формовка,1111,1114,3
Сэндвич_batch_33,Смешивание,1111,1121,10
Формовой_batch_21,Комбинирование,1111,1132,21
Здоровье_batch_1,Расстойка,1114,1139,25
Сэндвич_batch_39,Формовка,1114,1118,4
Отрубной (общий)_batch_2,Выпекание,1115,1132,17
Булочка для гамбургера большой с кунжутом_batch_3,Остывание,1116,1161,45
Формовой_batch_13,Выпекание,1117,1162,45
Сэндвич_batch_39,Расстойка,1118,1143,25
Мини формовой_batch_3,Остывание,1120,1210,90
Формовой_batch_24,Остывание,1120,1210,90
Сэндвич_batch_33,Формовка,1121,1132,11
Батон Нарезной_batch_1,Смешивание,1123,1133,10
Мини формовой_batch_2,Комбинирование,1123,1144,21
Бородинский_batch_4,Выпекание,1131,1186,55
Бородинский_batch_6,Выпекание,1131,1186,55
Отрубной (общий)_batch_2,Остывание,1132,1192,60
Сэндвич_batch_33,Расстойка,1132,1157,25
Формовой_batch_1,Комбинирование,1132,1153,21
Формовой_batch_21,Смешивание,1132,1144,12
Батон Нарезной_batch_1,Формовка,1133,1144,11
Здоровье_batch_1,Выпекание,1139,1157,18
Диета_batch_2,Остывание,1142,1232,90
Сэндвич_batch_39,Выпекание,1143,1165,22
Батон Нарезной_batch_1,Расстойка,1144,1169,25
Мини формовой_batch_2,Смешивание,1144,1156,12
Формовой_batch_11,Комбинирование,1144,1165,21
Формовой_batch_21,Формовка,1144,1155,11
Булочка для хотдога штучно_batch_3,Комбинирование,1153,1174,21
Формовой_batch_1,Смешивание,1153,1165,12
Формовой_batch_21,Расстойка,1155,1180,25
Мини формовой_batch_2,Формовка,1156,1167,11
Здоровье_batch_1,Остывание,1157,1217,60
Сэндвич_batch_33,Выпекание,1157,1179,22
Формовой_batch_13,Остывание,1162,1252,90
Булочка для гамбургера большой с кунжутом_batch_1,Комбинирование,1165,1186,21
Сэндвич_batch_39,Остывание,1165,1210,45
Формовой_batch_1,Формовка,1165,1176,11
Формовой_batch_11,Смешивание,1165,1177,12
Мини формовой_batch_2,Расстойка,1167,1192,25
Батон Нарезной_batch_1,Выпекание,1169,1186,17
Булочка для хотдога штучно_batch_3,Смешивание,1174,1184,10
Сэндвич_batch_37,Комбинирование,1174,1195,21
Формовой_batch_1,Расстойка,1176,1201,25
Формовой_batch_11,Формовка,1177,1188,11
Сэндвич_batch_33,Остывание,1179,1224,45
Формовой_batch_21,Выпекание,1180,1225,45
Булочка для хотдога штучно_batch_3,Формовка,1184,1195,11
Батон Нарезной_batch_1,Остывание,1186,1246,60
Бородинский_batch_4,Остывание,1186,1306,120
Бородинский_batch_6,Остывание,1186,1306,120
Булочка для гамбургера большой с кунжутом_batch_1,Смешивание,1186,1196,10
Сэндвич_batch_4,Комбинирование,1186,1207,21
Формовой_batch_11,Расстойка,1188,1213,25
Мини формовой_batch_2,Выпекание,1192,1237,45
Булочка для хотдога штучно_batch_3,Расстойка,1195,1220,25
Отрубной (общий)_batch_1,Комбинирование,1195,1216,21
Сэндвич_batch_37,Смешивание,1195,1205,10
Булочка для гамбургера большой с кунжутом_batch_1,Формовка,1196,1207,11
Формовой_batch_1,Выпекание,1201,1246,45
Сэндвич_batch_37,Формовка,1205,1216,11
Булочка для гамбургера большой с кунжутом_batch_1,Расстойка,1207,1232,25
Сэндвич_batch_12,Комбинирование,1207,1228,21
Сэндвич_batch_4,Смешивание,1207,1217,10
Формовой_batch_11,Выпекание,1213,1258,45
Мини формовой_batch_4,Комбинирование,1216,1228,12
Отрубной (общий)_batch_1,Смешивание,1216,1226,10
Сэндвич_batch_37,Расстойка,1216,1241,25
Сэндвич_batch_4,Формовка,1217,1228,11
Булочка для хотдога штучно_batch_3,Выпекание,1220,1242,22
Формовой_batch_21,Остывание,1225,1315,90
Отрубной (общий)_batch_1,Формовка,1226,1237,11
Мини формовой_batch_4,Смешивание,1228,1240,12
Сэндвич_batch_12,Смешивание,1228,1238,10
Сэндвич_batch_35,Комбинирование,1228,1249,21
Сэндвич_batch_4,Расстойка,1228,1253,25
Сэндвич_batch_7,Комбинирование,1228,1249,21
Булочка для гамбургера большой с кунжутом_batch_1,Выпекание,1232,1254,22
Мини формовой_batch_2,Остывание,1237,1327,90
Отрубной (общий)_batch_1,Расстойка,1237,1262,25
Сэндвич_batch_12,Формовка,1238,1249,11
Мини формовой_batch_4,Формовка,1240,1246,6
Сэндвич_batch_37,Выпекание,1241,1263,22
Булочка для хотдога штучно_batch_3,Остывание,1242,1287,45
Мини формовой_batch_4,Расстойка,1246,1271,25
Формовой_batch_1,Остывание,1246,1336,90
Булочка для хотдога штучно_batch_7,Комбинирование,1249,1270,21
Сэндвич_batch_12,Расстойка,1249,1274,25
Сэндвич_batch_32,Комбинирование,1249,1270,21
Сэндвич_batch_35,Смешивание,1249,1259,10
Сэндвич_batch_7,Смешивание,1249,1259,10
Сэндвич_batch_4,Выпекание,1253,1275,22
Булочка для гамбургера большой с кунжутом_batch_1,Остывание,1254,1299,45
Формовой_batch_11,Остывание,1258,1348,90
Сэндвич_batch_35,Формовка,1259,1270,11
Сэндвич_batch_7,Формовка,1259,1270,11
Отрубной (общий)_batch_1,Выпекание,1262,1279,17
Сэндвич_batch_37,Остывание,1263,1308,45
Булочка для гамбургера большой с кунжутом_batch_7,Комбинирование,1270,1285,15
Булочка для хотдога штучно_batch_7,Смешивание,1270,1280,10
Сэндвич_batch_32,Смешивание,1270,1280,10
Сэндвич_batch_35,Расстойка,1270,1295,25
Сэндвич_batch_7,Расстойка,1270,1295,25
Мини формовой_batch_4,Выпекание,1271,1316,45
Сэндвич_batch_12,Выпекание,1274,1296,22
Сэндвич_batch_4,Остывание,1275,1320,45
Отрубной (общий)_batch_1,Остывание,1279,1339,60
Булочка для хотдога штучно_batch_7,Формовка,1280,1291,11
Сэндвич_batch_32,Формовка,1280,1291,11
Булочка для гамбургера большой с кунжутом_batch_7,Смешивание,1285,1295,10
Булочка для хотдога штучно_batch_7,Расстойка,1291,1316,25
Сэндвич_batch_32,Расстойка,1291,1316,25
Булочка для гамбургера большой с кунжутом_batch_7,Формовка,1295,1303,8
Сэндвич_batch_35,Выпекание,1295,1317,22
Сэндвич_batch_7,Выпекание,1295,1317,22
Сэндвич_batch_12,Остывание,1296,1341,45
Булочка для гамбургера большой с кунжутом_batch_7,Расстойка,1303,1328,25
Булочка для хотдога штучно_batch_7,Выпекание,1316,1338,22
Мини формовой_batch_4,Остывание,1316,1406,90
Сэндвич_batch_32,Выпекание,1316,1338,22
Сэндвич_batch_35,Остывание,1317,1362,45
Сэндвич_batch_7,Остывание,1317,1362,45
Булочка для гамбургера большой с кунжутом_batch_7,Выпекание,1328,1350,22
Булочка для хотдога штучно_batch_7,Остывание,1338,1383,45
Сэндвич_batch_32,Остывание,1338,1383,45
Булочка для гамбургера большой с кунжутом_batch_7,Остывание,1350,1395,45
