Batch_ID,Stage,Start_Time_Min,End_Time_Min,Duration_Min
Диета_batch_1,Комбинирование,0,21,21
Славянский_batch_1,Комбинирование,0,2,2
Зерновой Столичный_batch_1,Комбинирование,2,6,4
Славянский_batch_1,Смешивание,2,12,10
Зерновой Столичный_batch_1,Смешивание,6,16,10
Сэндвич_batch_5,Комбинирование,6,27,21
Славянский_batch_1,Формовка,12,13,1
Славянский_batch_1,Расстойка,13,38,25
Зерновой Столичный_batch_1,Формовка,16,19,3
Зерновой Столичный_batch_1,Расстойка,19,44,25
Диета_batch_1,Смешивание,21,31,10
Любимый_batch_9,Комбинирование,21,35,14
Любимый_batch_5,Комбинирование,27,48,21
Сэндвич_batch_5,Смешивание,27,37,10
Диета_batch_1,Формовка,31,42,11
Жайлы_batch_1,Комбинирование,35,56,21
Любимый_batch_9,Смешивание,35,45,10
Сэндвич_batch_5,Формовка,37,48,11
Славянский_batch_1,Выпекание,38,55,17
Диета_batch_1,Расстойка,42,80,38
Зерновой Столичный_batch_1,Выпекание,44,61,17
Любимый_batch_9,Формовка,45,52,7
Любимый_batch_5,Смешивание,48,58,10
Мини формовой_batch_2,Комбинирование,48,69,21
Сэндвич_batch_5,Расстойка,48,73,25
Любимый_batch_9,Расстойка,52,77,25
Славянский_batch_1,Остывание,55,115,60
Жайлы_batch_1,Смешивание,56,66,10
Сэндвич_batch_28,Комбинирование,56,77,21
Любимый_batch_5,Формовка,58,69,11
Зерновой Столичный_batch_1,Остывание,61,121,60
Жайлы_batch_1,Формовка,66,77,11
Любимый_batch_5,Расстойка,69,94,25
Мини формовой_batch_2,Смешивание,69,81,12
Мини формовой_batch_4,Комбинирование,69,81,12
Сэндвич_batch_5,Выпекание,73,95,22
Жайлы_batch_1,Расстойка,77,102,25
Любимый_batch_9,Выпекание,77,94,17
Сэндвич_batch_20,Комбинирование,77,98,21
Сэндвич_batch_28,Смешивание,77,87,10
Диета_batch_1,Выпекание,80,115,35
Жайлы_batch_2,Комбинирование,81,99,18
Мини формовой_batch_2,Формовка,81,92,11
Мини формовой_batch_4,Смешивание,81,93,12
Сэндвич_batch_28,Формовка,87,98,11
Мини формовой_batch_2,Расстойка,92,117,25
Мини формовой_batch_4,Формовка,93,99,6
Любимый_batch_5,Выпекание,94,111,17
Любимый_batch_9,Остывание,94,154,60
Сэндвич_batch_5,Остывание,95,140,45
Сэндвич_batch_20,Смешивание,98,108,10
Сэндвич_batch_28,Расстойка,98,123,25
Сэндвич_batch_29,Комбинирование,98,119,21
Жайлы_batch_2,Смешивание,99,109,10
Мини формовой_batch_4,Расстойка,99,124,25
Формовой_batch_22,Комбинирование,99,120,21
Жайлы_batch_1,Выпекание,102,119,17
Сэндвич_batch_20,Формовка,108,119,11
Жайлы_batch_2,Формовка,109,119,10
Любимый_batch_5,Остывание,111,171,60
Диета_batch_1,Остывание,115,205,90
Мини формовой_batch_2,Выпекание,117,162,45
Булочка для гамбургера большой с кунжутом_batch_7,Комбинирование,119,134,15
Жайлы_batch_1,Остывание,119,179,60
Жайлы_batch_2,Расстойка,119,144,25
Сэндвич_batch_20,Расстойка,119,144,25
Сэндвич_batch_29,Смешивание,119,129,10
Формовой_batch_22,Смешивание,120,132,12
Формовой_batch_9,Комбинирование,120,141,21
Сэндвич_batch_28,Выпекание,123,145,22
Мини формовой_batch_4,Выпекание,124,169,45
Сэндвич_batch_29,Формовка,129,140,11
Формовой_batch_22,Формовка,132,143,11
Булочка для гамбургера большой с кунжутом_batch_7,Смешивание,134,144,10
Мини формовой_batch_3,Комбинирование,134,155,21
Сэндвич_batch_29,Расстойка,140,165,25
Батон Нарезной_batch_1,Комбинирование,141,162,21
Формовой_batch_9,Смешивание,141,153,12
Формовой_batch_22,Расстойка,143,168,25
Булочка для гамбургера большой с кунжутом_batch_7,Формовка,144,152,8
Жайлы_batch_2,Выпекание,144,161,17
Сэндвич_batch_20,Выпекание,144,166,22
Сэндвич_batch_28,Остывание,145,190,45
Булочка для гамбургера большой с кунжутом_batch_7,Расстойка,152,177,25
Формовой_batch_9,Формовка,153,164,11
Мини формовой_batch_3,Смешивание,155,167,12
Сэндвич_batch_3,Комбинирование,155,176,21
Жайлы_batch_2,Остывание,161,221,60
Батон Нарезной_batch_1,Смешивание,162,172,10
Мини формовой_batch_2,Остывание,162,252,90
Хлеб «Тартин бездрожжевой»_batch_1,Комбинирование,162,166,4
Формовой_batch_9,Расстойка,164,189,25
Сэндвич_batch_29,Выпекание,165,187,22
Любимый_batch_3,Комбинирование,166,187,21
Сэндвич_batch_20,Остывание,166,211,45
Мини формовой_batch_3,Формовка,167,178,11
Хлеб «Тартин бездрожжевой»_batch_1,Смешивание,167,177,10
Формовой_batch_22,Выпекание,168,213,45
Мини формовой_batch_4,Остывание,169,259,90
Батон Нарезной_batch_1,Формовка,172,183,11
Багет луковый_batch_1,Комбинирование,176,187,11
Сэндвич_batch_3,Смешивание,176,186,10
Булочка для гамбургера большой с кунжутом_batch_7,Выпекание,177,199,22
Мини формовой_batch_3,Расстойка,178,203,25
Батон Нарезной_batch_1,Расстойка,183,208,25
Хлеб «Тартин бездрожжевой»_batch_1,Формовка,183,185,2
Хлеб «Тартин бездрожжевой»_batch_1,Расстойка,185,205,20
Сэндвич_batch_3,Формовка,186,197,11
Багет луковый_batch_1,Смешивание,187,197,10
Бородинский_batch_7,Комбинирование,187,194,7
Любимый_batch_3,Смешивание,187,197,10
Сэндвич_batch_29,Остывание,187,232,45
Формовой_batch_18,Комбинирование,187,208,21
Формовой_batch_9,Выпекание,189,234,45
Батон Нарезной_batch_2,Комбинирование,194,215,21
Бородинский_batch_7,Смешивание,194,204,10
Багет луковый_batch_1,Формовка,197,203,6
Любимый_batch_3,Формовка,197,208,11
Сэндвич_batch_3,Расстойка,197,222,25
Булочка для гамбургера большой с кунжутом_batch_7,Остывание,199,244,45
Багет луковый_batch_1,Расстойка,203,223,20
Мини формовой_batch_3,Выпекание,203,248,45
Бородинский_batch_7,Формовка,204,208,4
Хлеб «Тартин бездрожжевой»_batch_1,Выпекание,205,221,16
Батон Нарезной_batch_1,Выпекание,208,225,17
Бородинский_batch_7,Расстойка,208,228,20
Любимый_batch_3,Расстойка,208,233,25
Сэндвич_batch_25,Комбинирование,208,229,21
Формовой_batch_18,Смешивание,208,220,12
Формовой_batch_22,Остывание,213,303,90
Батон Нарезной_batch_2,Смешивание,215,225,10
Отрубной (общий)_batch_1,Комбинирование,215,236,21
Формовой_batch_18,Формовка,220,231,11
Хлеб «Тартин бездрожжевой»_batch_1,Остывание,221,281,60
Сэндвич_batch_3,Выпекание,222,244,22
Багет луковый_batch_1,Выпекание,223,241,18
Батон Нарезной_batch_1,Остывание,225,285,60
Батон Нарезной_batch_2,Формовка,225,236,11
Бородинский_batch_7,Выпекание,228,283,55
Любимый_batch_4,Комбинирование,229,250,21
Сэндвич_batch_25,Смешивание,229,239,10
Формовой_batch_18,Расстойка,231,256,25
Любимый_batch_3,Выпекание,233,250,17
Формовой_batch_9,Остывание,234,324,90
Батон Верный_batch_1,Комбинирование,236,247,11
Батон Нарезной_batch_2,Расстойка,236,261,25
Отрубной (общий)_batch_1,Смешивание,236,246,10
Сэндвич_batch_25,Формовка,239,250,11
Багет луковый_batch_1,Остывание,241,286,45
Сэндвич_batch_3,Остывание,244,289,45
Отрубной (общий)_batch_1,Формовка,246,257,11
Баварский Деревенский Ржаной_batch_1,Комбинирование,247,250,3
Батон Верный_batch_1,Смешивание,247,257,10
Мини формовой_batch_3,Остывание,248,338,90
Баварский Деревенский Ржаной_batch_1,Смешивание,250,260,10
Диета_batch_2,Комбинирование,250,271,21
Любимый_batch_3,Остывание,250,310,60
Любимый_batch_4,Смешивание,250,260,10
Сэндвич_batch_25,Расстойка,250,275,25
Чиабатта_batch_1,Комбинирование,250,254,4
Булочка для хотдога штучно_batch_8,Комбинирование,254,256,2
Береке_batch_1,Комбинирование,256,277,21
Формовой_batch_18,Выпекание,256,301,45
Батон Верный_batch_1,Формовка,257,263,6
Отрубной (общий)_batch_1,Расстойка,257,282,25
Чиабатта_batch_1,Смешивание,257,267,10
Булочка для хотдога штучно_batch_8,Смешивание,260,270,10
Любимый_batch_4,Формовка,260,271,11
Батон Нарезной_batch_2,Выпекание,261,278,17
Баварский Деревенский Ржаной_batch_1,Формовка,263,265,2
Батон Верный_batch_1,Расстойка,263,288,25
Баварский Деревенский Ржаной_batch_1,Расстойка,265,295,30
Чиабатта_batch_1,Формовка,267,269,2
Чиабатта_batch_1,Расстойка,269,294,25
Булочка для хотдога штучно_batch_6,Комбинирование,271,292,21
Булочка для хотдога штучно_batch_8,Формовка,271,272,1
Диета_batch_2,Смешивание,271,281,10
Любимый_batch_4,Расстойка,271,296,25
Булочка для хотдога штучно_batch_8,Расстойка,272,297,25
Сэндвич_batch_25,Выпекание,275,297,22
Береке_batch_1,Смешивание,277,287,10
Сэндвич_batch_38,Комбинирование,277,298,21
Батон Нарезной_batch_2,Остывание,278,338,60
Диета_batch_2,Формовка,281,292,11
Отрубной (общий)_batch_1,Выпекание,282,299,17
Бородинский_batch_7,Остывание,283,403,120
Береке_batch_1,Формовка,287,298,11
Батон Верный_batch_1,Выпекание,288,305,17
Булочка для хотдога штучно_batch_6,Смешивание,292,302,10
Диета_batch_2,Расстойка,292,330,38
Сэндвич_batch_6,Комбинирование,292,313,21
Баварский Деревенский Ржаной_batch_1,Выпекание,295,313,18
Любимый_batch_4,Выпекание,296,313,17
Сэндвич_batch_25,Остывание,297,342,45
Чиабатта_batch_1,Выпекание,297,322,25
Береке_batch_1,Расстойка,298,318,20
Диета_batch_4,Комбинирование,298,311,13
Сэндвич_batch_38,Смешивание,298,308,10
Отрубной (общий)_batch_1,Остывание,299,359,60
Булочка для хотдога штучно_batch_8,Выпекание,301,323,22
Формовой_batch_18,Остывание,301,391,90
Булочка для хотдога штучно_batch_6,Формовка,302,313,11
Батон Верный_batch_1,Остывание,305,365,60
Сэндвич_batch_38,Формовка,308,319,11
Датский_batch_1,Комбинирование,311,318,7
Диета_batch_4,Смешивание,311,321,10
Баварский Деревенский Ржаной_batch_1,Остывание,313,403,90
Булочка для гамбургера большой с кунжутом_batch_5,Комбинирование,313,334,21
Булочка для хотдога штучно_batch_6,Расстойка,313,338,25
Любимый_batch_4,Остывание,313,373,60
Сэндвич_batch_6,Смешивание,313,323,10
Береке_batch_1,Выпекание,318,334,16
Датский_batch_1,Смешивание,318,328,10
Премиум_batch_1,Комбинирование,318,321,3
Сэндвич_batch_38,Расстойка,319,344,25
Диета_batch_4,Формовка,321,328,7
Сэндвич_batch_4,Комбинирование,321,342,21
Чиабатта_batch_1,Остывание,322,397,75
Булочка для хотдога штучно_batch_8,Остывание,323,368,45
Премиум_batch_1,Смешивание,323,333,10
Сэндвич_batch_6,Формовка,323,334,11
Датский_batch_1,Формовка,328,332,4
Диета_batch_4,Расстойка,328,366,38
Диета_batch_2,Выпекание,330,365,35
Датский_batch_1,Расстойка,332,357,25
Береке_batch_1,Остывание,334,394,60
Булочка для гамбургера большой с кунжутом_batch_5,Смешивание,334,344,10
Премиум_batch_1,Формовка,334,336,2
Сэндвич_batch_6,Расстойка,334,359,25
Формовой_batch_2,Комбинирование,334,355,21
Премиум_batch_1,Расстойка,336,361,25
Булочка для хотдога штучно_batch_6,Выпекание,338,360,22
Сэндвич_batch_21,Комбинирование,342,363,21
Сэндвич_batch_4,Смешивание,342,352,10
Булочка для гамбургера большой с кунжутом_batch_5,Формовка,344,355,11
Сэндвич_batch_38,Выпекание,344,366,22
Сэндвич_batch_4,Формовка,352,363,11
Булочка для гамбургера большой с кунжутом_batch_5,Расстойка,355,380,25
Формовой_batch_17,Комбинирование,355,376,21
Формовой_batch_2,Смешивание,355,367,12
Датский_batch_1,Выпекание,357,374,17
Сэндвич_batch_6,Выпекание,359,381,22
Булочка для хотдога штучно_batch_6,Остывание,360,405,45
Отрубной (общий)_batch_2,Комбинирование,363,384,21
Сэндвич_batch_21,Смешивание,363,373,10
Сэндвич_batch_4,Расстойка,363,388,25
Диета_batch_2,Остывание,365,455,90
Премиум_batch_1,Выпекание,365,390,25
Диета_batch_4,Выпекание,366,401,35
Сэндвич_batch_38,Остывание,366,411,45
Формовой_batch_2,Формовка,367,378,11
Сэндвич_batch_21,Формовка,373,384,11
Датский_batch_1,Остывание,374,434,60
Формовой_batch_17,Смешивание,376,388,12
Формовой_batch_3,Комбинирование,376,397,21
Формовой_batch_2,Расстойка,378,403,25
Булочка для гамбургера большой с кунжутом_batch_5,Выпекание,380,402,22
Сэндвич_batch_6,Остывание,381,426,45
Отрубной (общий)_batch_2,Смешивание,384,394,10
Сэндвич_batch_15,Комбинирование,384,405,21
Сэндвич_batch_21,Расстойка,384,409,25
Сэндвич_batch_4,Выпекание,388,410,22
Формовой_batch_17,Формовка,388,399,11
Премиум_batch_1,Остывание,390,465,75
Отрубной (общий)_batch_2,Формовка,394,405,11
Формовой_batch_3,Смешивание,397,409,12
Формовой_batch_4,Комбинирование,397,418,21
Формовой_batch_17,Расстойка,399,424,25
Диета_batch_4,Остывание,401,491,90
Булочка для гамбургера большой с кунжутом_batch_5,Остывание,402,447,45
Формовой_batch_2,Выпекание,403,448,45
Отрубной (общий)_batch_2,Расстойка,405,430,25
Сэндвич_batch_15,Смешивание,405,415,10
Формовой_batch_14,Комбинирование,405,426,21
Сэндвич_batch_21,Выпекание,409,431,22
Формовой_batch_3,Формовка,409,420,11
Сэндвич_batch_4,Остывание,410,455,45
Сэндвич_batch_15,Формовка,415,426,11
Булочка для хотдога штучно_batch_2,Комбинирование,418,439,21
Формовой_batch_4,Смешивание,418,430,12
Формовой_batch_3,Расстойка,420,445,25
Формовой_batch_17,Выпекание,424,469,45
Сэндвич_batch_15,Расстойка,426,451,25
Сэндвич_batch_2,Комбинирование,426,447,21
Формовой_batch_14,Смешивание,426,438,12
Отрубной (общий)_batch_2,Выпекание,430,447,17
Формовой_batch_4,Формовка,430,441,11
Сэндвич_batch_21,Остывание,431,476,45
Формовой_batch_14,Формовка,438,449,11
Булочка для хотдога штучно_batch_2,Смешивание,439,449,10
Формовой_batch_13,Комбинирование,439,460,21
Формовой_batch_4,Расстойка,441,466,25
Формовой_batch_3,Выпекание,445,490,45
Отрубной (общий)_batch_2,Остывание,447,507,60
Сэндвич_batch_2,Смешивание,447,457,10
Формовой_batch_1,Комбинирование,447,468,21
Формовой_batch_2,Остывание,448,538,90
Булочка для хотдога штучно_batch_2,Формовка,449,460,11
Формовой_batch_14,Расстойка,449,474,25
Сэндвич_batch_15,Выпекание,451,473,22
Сэндвич_batch_2,Формовка,457,468,11
Булочка для хотдога штучно_batch_2,Расстойка,460,485,25
Сэндвич_batch_19,Комбинирование,460,481,21
Формовой_batch_13,Смешивание,460,472,12
Формовой_batch_4,Выпекание,466,511,45
Сэндвич_batch_2,Расстойка,468,493,25
Формовой_batch_1,Смешивание,468,480,12
Формовой_batch_16,Комбинирование,468,489,21
Формовой_batch_17,Остывание,469,559,90
Формовой_batch_13,Формовка,472,483,11
Сэндвич_batch_15,Остывание,473,518,45
Формовой_batch_14,Выпекание,474,519,45
Формовой_batch_1,Формовка,480,491,11
Сэндвич_batch_19,Смешивание,481,491,10
Формовой_batch_21,Комбинирование,481,502,21
Формовой_batch_13,Расстойка,483,508,25
Булочка для хотдога штучно_batch_2,Выпекание,485,507,22
Сэндвич_batch_13,Комбинирование,489,510,21
Формовой_batch_16,Смешивание,489,501,12
Формовой_batch_3,Остывание,490,580,90
Сэндвич_batch_19,Формовка,491,502,11
Формовой_batch_1,Расстойка,491,516,25
Сэндвич_batch_2,Выпекание,493,515,22
Формовой_batch_16,Формовка,501,512,11
Сэндвич_batch_19,Расстойка,502,527,25
Формовой_batch_11,Комбинирование,502,523,21
Формовой_batch_21,Смешивание,502,514,12
Булочка для хотдога штучно_batch_2,Остывание,507,552,45
Формовой_batch_13,Выпекание,508,553,45
Мини формовой_batch_1,Комбинирование,510,531,21
Сэндвич_batch_13,Смешивание,510,520,10
Формовой_batch_4,Остывание,511,601,90
Формовой_batch_16,Расстойка,512,537,25
Формовой_batch_21,Формовка,514,525,11
Сэндвич_batch_2,Остывание,515,560,45
Формовой_batch_1,Выпекание,516,561,45
Формовой_batch_14,Остывание,519,609,90
Сэндвич_batch_13,Формовка,520,531,11
Формовой_batch_11,Смешивание,523,535,12
Формовой_batch_7,Комбинирование,523,544,21
Формовой_batch_21,Расстойка,525,550,25
Сэндвич_batch_19,Выпекание,527,549,22
Мини формовой_batch_1,Смешивание,531,543,12
Сэндвич_batch_12,Комбинирование,531,552,21
Сэндвич_batch_13,Расстойка,531,556,25
Формовой_batch_11,Формовка,535,546,11
Формовой_batch_16,Выпекание,537,582,45
Мини формовой_batch_1,Формовка,543,554,11
Сэндвич_batch_18,Комбинирование,544,565,21
Формовой_batch_7,Смешивание,544,556,12
Формовой_batch_11,Расстойка,546,571,25
Сэндвич_batch_19,Остывание,549,594,45
Формовой_batch_21,Выпекание,550,595,45
Булочка для хотдога штучно_batch_1,Комбинирование,552,573,21
Сэндвич_batch_12,Смешивание,552,562,10
Формовой_batch_13,Остывание,553,643,90
Мини формовой_batch_1,Расстойка,554,579,25
Сэндвич_batch_13,Выпекание,556,578,22
Формовой_batch_7,Формовка,556,567,11
Формовой_batch_1,Остывание,561,651,90
Сэндвич_batch_12,Формовка,562,573,11
Сэндвич_batch_10,Комбинирование,565,586,21
Сэндвич_batch_18,Смешивание,565,575,10
Формовой_batch_7,Расстойка,567,592,25
Формовой_batch_11,Выпекание,571,616,45
Булочка для хотдога штучно_batch_1,Смешивание,573,583,10
Сэндвич_batch_12,Расстойка,573,598,25
Сэндвич_batch_39,Комбинирование,573,580,7
Сэндвич_batch_18,Формовка,575,586,11
Сэндвич_batch_13,Остывание,578,623,45
Мини формовой_batch_1,Выпекание,579,624,45
Плетенка_batch_2,Комбинирование,580,583,3
Сэндвич_batch_39,Смешивание,580,590,10
Формовой_batch_16,Остывание,582,672,90
Булочка для хотдога штучно_batch_1,Формовка,583,594,11
Плетенка_batch_2,Смешивание,583,593,10
Сэндвич_batch_27,Комбинирование,583,604,21
Сэндвич_batch_10,Смешивание,586,596,10
Сэндвич_batch_18,Расстойка,586,611,25
Сэндвич_batch_37,Комбинирование,586,607,21
Формовой_batch_7,Выпекание,592,637,45
Булочка для хотдога штучно_batch_1,Расстойка,594,619,25
Сэндвич_batch_39,Формовка,594,598,4
Формовой_batch_21,Остывание,595,685,90
Сэндвич_batch_10,Формовка,596,607,11
Плетенка_batch_2,Формовка,598,600,2
Сэндвич_batch_12,Выпекание,598,620,22
Сэндвич_batch_39,Расстойка,598,623,25
Плетенка_batch_2,Расстойка,600,625,25
Батон Нарезной_batch_4,Комбинирование,604,623,19
Сэндвич_batch_27,Смешивание,604,614,10
Сэндвич_batch_10,Расстойка,607,632,25
Сэндвич_batch_37,Смешивание,607,617,10
Формовой_batch_5,Комбинирование,607,628,21
Сэндвич_batch_18,Выпекание,611,633,22
Сэндвич_batch_27,Формовка,614,625,11
Формовой_batch_11,Остывание,616,706,90
Сэндвич_batch_37,Формовка,617,628,11
Булочка для хотдога штучно_batch_1,Выпекание,619,641,22
Сэндвич_batch_12,Остывание,620,665,45
Батон Нарезной_batch_4,Смешивание,623,633,10
Любимый_batch_2,Комбинирование,623,644,21
Сэндвич_batch_39,Выпекание,623,645,22
Мини формовой_batch_1,Остывание,624,714,90
Плетенка_batch_2,Выпекание,625,642,17
Сэндвич_batch_27,Расстойка,625,650,25
Семейный_batch_1,Комбинирование,628,649,21
Сэндвич_batch_37,Расстойка,628,653,25
Формовой_batch_5,Смешивание,628,640,12
Сэндвич_batch_10,Выпекание,632,654,22
Батон Нарезной_batch_4,Формовка,633,643,10
Сэндвич_batch_18,Остывание,633,678,45
Формовой_batch_7,Остывание,637,727,90
Формовой_batch_5,Формовка,640,651,11
Булочка для хотдога штучно_batch_1,Остывание,641,686,45
Плетенка_batch_2,Остывание,642,702,60
Батон Нарезной_batch_4,Расстойка,643,668,25
Любимый_batch_2,Смешивание,644,654,10
Любимый_batch_6,Комбинирование,644,665,21
Сэндвич_batch_39,Остывание,645,690,45
Семейный_batch_1,Смешивание,649,659,10
Сэндвич_batch_24,Комбинирование,649,670,21
Сэндвич_batch_27,Выпекание,650,672,22
Формовой_batch_5,Расстойка,651,676,25
Сэндвич_batch_37,Выпекание,653,675,22
Любимый_batch_2,Формовка,654,665,11
Сэндвич_batch_10,Остывание,654,699,45
Семейный_batch_1,Формовка,659,670,11
Любимый_batch_2,Расстойка,665,690,25
Любимый_batch_6,Смешивание,665,675,10
Хлеб «Зерновой»_batch_2,Комбинирование,665,675,10
Батон Нарезной_batch_4,Выпекание,668,685,17
Береке_batch_2,Комбинирование,670,681,11
Семейный_batch_1,Расстойка,670,695,25
Сэндвич_batch_24,Смешивание,670,680,10
Сэндвич_batch_27,Остывание,672,717,45
Здоровье_batch_1,Комбинирование,675,680,5
Любимый_batch_6,Формовка,675,686,11
Сэндвич_batch_37,Остывание,675,720,45
Хлеб «Зерновой»_batch_2,Смешивание,675,685,10
Формовой_batch_5,Выпекание,676,721,45
Здоровье_batch_1,Смешивание,680,690,10
Немецкий хлеб_batch_1,Комбинирование,680,683,3
Сэндвич_batch_24,Формовка,680,691,11
Береке_batch_2,Смешивание,681,691,10
Диета_batch_3,Комбинирование,681,702,21
Багет новый_batch_1,Комбинирование,683,704,21
Батон Нарезной_batch_4,Остывание,685,745,60
Немецкий хлеб_batch_1,Смешивание,685,695,10
Любимый_batch_6,Расстойка,686,711,25
Хлеб «Зерновой»_batch_2,Формовка,686,691,5
Любимый_batch_2,Выпекание,690,707,17
Береке_batch_2,Формовка,691,697,6
Здоровье_batch_1,Формовка,691,694,3
Сэндвич_batch_24,Расстойка,691,716,25
Хлеб «Зерновой»_batch_2,Расстойка,691,716,25
Здоровье_batch_1,Расстойка,694,719,25
Немецкий хлеб_batch_1,Формовка,695,697,2
Семейный_batch_1,Выпекание,695,712,17
Береке_batch_2,Расстойка,697,717,20
Немецкий хлеб_batch_1,Расстойка,697,722,25
Диета_batch_3,Смешивание,702,712,10
Семейный_batch_2,Комбинирование,702,723,21
Багет новый_batch_1,Смешивание,704,714,10
Сэндвич_batch_8,Комбинирование,704,725,21
Любимый_batch_2,Остывание,707,767,60
Любимый_batch_6,Выпекание,711,728,17
Диета_batch_3,Формовка,712,723,11
Семейный_batch_1,Остывание,712,772,60
Багет новый_batch_1,Формовка,714,725,11
Сэндвич_batch_24,Выпекание,716,738,22
Хлеб «Зерновой»_batch_2,Выпекание,716,741,25
Береке_batch_2,Выпекание,717,733,16
Здоровье_batch_1,Выпекание,719,737,18
Формовой_batch_5,Остывание,721,811,90
Немецкий хлеб_batch_1,Выпекание,722,747,25
Диета_batch_3,Расстойка,723,761,38
Семейный_batch_2,Смешивание,723,733,10
Хлеб «Зерновой»_batch_1,Комбинирование,723,744,21
Багет новый_batch_1,Расстойка,725,750,25
Бородинский_batch_5,Комбинирование,725,746,21
Сэндвич_batch_8,Смешивание,725,735,10
Любимый_batch_6,Остывание,728,788,60
Береке_batch_2,Остывание,733,793,60
Семейный_batch_2,Формовка,733,744,11
Сэндвич_batch_8,Формовка,735,746,11
Здоровье_batch_1,Остывание,737,797,60
Сэндвич_batch_24,Остывание,738,783,45
Хлеб «Зерновой»_batch_2,Остывание,741,816,75
Семейный_batch_2,Расстойка,744,769,25
Сэндвич_batch_22,Комбинирование,744,765,21
Хлеб «Зерновой»_batch_1,Смешивание,744,754,10
Бородинский_batch_5,Смешивание,746,756,10
Сэндвич_batch_31,Комбинирование,746,767,21
Сэндвич_batch_8,Расстойка,746,771,25
Немецкий хлеб_batch_1,Остывание,747,822,75
Багет новый_batch_1,Выпекание,750,775,25
Хлеб «Зерновой»_batch_1,Формовка,754,765,11
Бородинский_batch_5,Формовка,756,767,11
Диета_batch_3,Выпекание,761,796,35
Семейный_batch_3,Комбинирование,765,786,21
Сэндвич_batch_22,Смешивание,765,775,10
Хлеб «Зерновой»_batch_1,Расстойка,765,790,25
Бородинский_batch_5,Расстойка,767,787,20
Булочка для хотдога штучно_batch_7,Комбинирование,767,788,21
Сэндвич_batch_31,Смешивание,767,777,10
Семейный_batch_2,Выпекание,769,786,17
Сэндвич_batch_8,Выпекание,771,793,22
Багет новый_batch_1,Остывание,775,850,75
Сэндвич_batch_22,Формовка,775,786,11
Сэндвич_batch_31,Формовка,777,788,11
Любимый_batch_8,Комбинирование,786,807,21
Семейный_batch_2,Остывание,786,846,60
Семейный_batch_3,Смешивание,786,796,10
Сэндвич_batch_22,Расстойка,786,811,25
Бородинский_batch_5,Выпекание,787,842,55
Булочка для хотдога штучно_batch_7,Смешивание,788,798,10
Сэндвич_batch_16,Комбинирование,788,809,21
Сэндвич_batch_31,Расстойка,788,813,25
Хлеб «Зерновой»_batch_1,Выпекание,790,815,25
Сэндвич_batch_8,Остывание,793,838,45
Диета_batch_3,Остывание,796,886,90
Семейный_batch_3,Формовка,796,807,11
Булочка для хотдога штучно_batch_7,Формовка,798,809,11
Булочка для хотдога штучно_batch_3,Комбинирование,807,828,21
Любимый_batch_8,Смешивание,807,817,10
Семейный_batch_3,Расстойка,807,832,25
Булочка для хотдога штучно_batch_7,Расстойка,809,834,25
Плетенка_batch_1,Комбинирование,809,830,21
Сэндвич_batch_16,Смешивание,809,819,10
Сэндвич_batch_22,Выпекание,811,833,22
Сэндвич_batch_31,Выпекание,813,835,22
Хлеб «Зерновой»_batch_1,Остывание,815,890,75
Любимый_batch_8,Формовка,817,828,11
Сэндвич_batch_16,Формовка,819,830,11
Булочка для хотдога штучно_batch_3,Смешивание,828,838,10
Любимый_batch_8,Расстойка,828,853,25
Формовой_batch_6,Комбинирование,828,849,21
Булочка для гамбургера большой с кунжутом_batch_6,Комбинирование,830,851,21
Плетенка_batch_1,Смешивание,830,840,10
Сэндвич_batch_16,Расстойка,830,855,25
Семейный_batch_3,Выпекание,832,849,17
Сэндвич_batch_22,Остывание,833,878,45
Булочка для хотдога штучно_batch_7,Выпекание,834,856,22
Сэндвич_batch_31,Остывание,835,880,45
Булочка для хотдога штучно_batch_3,Формовка,838,849,11
Плетенка_batch_1,Формовка,840,851,11
Бородинский_batch_5,Остывание,842,962,120
Батон Нарезной_batch_3,Комбинирование,849,870,21
Булочка для хотдога штучно_batch_3,Расстойка,849,874,25
Семейный_batch_3,Остывание,849,909,60
Формовой_batch_6,Смешивание,849,861,12
Булочка для гамбургера большой с кунжутом_batch_6,Смешивание,851,861,10
Плетенка_batch_1,Расстойка,851,876,25
Сэндвич_batch_26,Комбинирование,851,872,21
Любимый_batch_8,Выпекание,853,870,17
Сэндвич_batch_16,Выпекание,855,877,22
Булочка для хотдога штучно_batch_7,Остывание,856,901,45
Булочка для гамбургера большой с кунжутом_batch_6,Формовка,861,872,11
Формовой_batch_6,Формовка,861,872,11
Батон Нарезной_batch_3,Смешивание,870,880,10
Булочка для хотдога штучно_batch_4,Комбинирование,870,891,21
Любимый_batch_8,Остывание,870,930,60
Булочка для гамбургера большой с кунжутом_batch_6,Расстойка,872,897,25
Семейный_batch_4,Комбинирование,872,885,13
Сэндвич_batch_26,Смешивание,872,882,10
Формовой_batch_6,Расстойка,872,897,25
Булочка для хотдога штучно_batch_3,Выпекание,874,896,22
Плетенка_batch_1,Выпекание,876,893,17
Сэндвич_batch_16,Остывание,877,922,45
Батон Нарезной_batch_3,Формовка,880,891,11
Сэндвич_batch_26,Формовка,882,893,11
Домашний_batch_1,Комбинирование,885,888,3
Семейный_batch_4,Смешивание,885,895,10
Домашний_batch_1,Смешивание,888,898,10
Формовой_batch_10,Комбинирование,888,909,21
Батон Нарезной_batch_3,Расстойка,891,916,25
Булочка для хотдога штучно_batch_4,Смешивание,891,901,10
Сэндвич_batch_17,Комбинирование,891,912,21
Плетенка_batch_1,Остывание,893,953,60
Сэндвич_batch_26,Расстойка,893,918,25
Семейный_batch_4,Формовка,895,902,7
Булочка для хотдога штучно_batch_3,Остывание,896,941,45
Булочка для гамбургера большой с кунжутом_batch_6,Выпекание,897,919,22
Формовой_batch_6,Выпекание,897,942,45
Булочка для хотдога штучно_batch_4,Формовка,901,912,11
Домашний_batch_1,Формовка,902,904,2
Семейный_batch_4,Расстойка,902,927,25
Домашний_batch_1,Расстойка,904,929,25
Формовой_batch_10,Смешивание,909,921,12
Формовой_batch_8,Комбинирование,909,930,21
Булочка для хотдога штучно_batch_4,Расстойка,912,937,25
Сэндвич_batch_17,Смешивание,912,922,10
Формовой_batch_25,Комбинирование,912,933,21
Батон Нарезной_batch_3,Выпекание,916,933,17
Сэндвич_batch_26,Выпекание,918,940,22
Булочка для гамбургера большой с кунжутом_batch_6,Остывание,919,964,45
Формовой_batch_10,Формовка,921,932,11
Сэндвич_batch_17,Формовка,922,933,11
Семейный_batch_4,Выпекание,927,944,17
Домашний_batch_1,Выпекание,929,946,17
Формовой_batch_24,Комбинирование,930,951,21
Формовой_batch_8,Смешивание,930,942,12
Формовой_batch_10,Расстойка,932,957,25
Батон Нарезной_batch_3,Остывание,933,993,60
Сэндвич_batch_17,Расстойка,933,958,25
Сэндвич_batch_9,Комбинирование,933,954,21
Формовой_batch_25,Смешивание,933,945,12
Булочка для хотдога штучно_batch_4,Выпекание,937,959,22
Сэндвич_batch_26,Остывание,940,985,45
Формовой_batch_6,Остывание,942,1032,90
Формовой_batch_8,Формовка,942,953,11
Семейный_batch_4,Остывание,944,1004,60
Формовой_batch_25,Формовка,945,956,11
Домашний_batch_1,Остывание,946,1006,60
Формовой_batch_20,Комбинирование,951,972,21
Формовой_batch_24,Смешивание,951,963,12
Формовой_batch_8,Расстойка,953,978,25
Сэндвич_batch_33,Комбинирование,954,975,21
Сэндвич_batch_9,Смешивание,954,964,10
Формовой_batch_25,Расстойка,956,981,25
Формовой_batch_10,Выпекание,957,1002,45
Сэндвич_batch_17,Выпекание,958,980,22
Булочка для хотдога штучно_batch_4,Остывание,959,1004,45
Формовой_batch_24,Формовка,963,974,11
Сэндвич_batch_9,Формовка,964,975,11
Булочка для гамбургера большой с кунжутом_batch_3,Комбинирование,972,993,21
Формовой_batch_20,Смешивание,972,984,12
Формовой_batch_24,Расстойка,974,999,25
Сэндвич_batch_33,Смешивание,975,985,10
Сэндвич_batch_9,Расстойка,975,1000,25
Формовой_batch_23,Комбинирование,975,996,21
Формовой_batch_8,Выпекание,978,1023,45
Сэндвич_batch_17,Остывание,980,1025,45
Формовой_batch_25,Выпекание,981,1026,45
Формовой_batch_20,Формовка,984,995,11
Сэндвич_batch_33,Формовка,985,996,11
Булочка для гамбургера большой с кунжутом_batch_3,Смешивание,993,1003,10
Сэндвич_batch_23,Комбинирование,993,1014,21
Формовой_batch_20,Расстойка,995,1020,25
Отрубной (общий)_batch_3,Комбинирование,996,1009,13
Сэндвич_batch_33,Расстойка,996,1021,25
Формовой_batch_23,Смешивание,996,1008,12
Формовой_batch_24,Выпекание,999,1044,45
Сэндвич_batch_9,Выпекание,1000,1022,22
Формовой_batch_10,Остывание,1002,1092,90
Булочка для гамбургера большой с кунжутом_batch_3,Формовка,1003,1014,11
Формовой_batch_23,Формовка,1008,1019,11
Булочка для гамбургера большой с кунжутом_batch_4,Комбинирование,1009,1030,21
Отрубной (общий)_batch_3,Смешивание,1009,1019,10
Бородинский_batch_6,Комбинирование,1014,1035,21
Булочка для гамбургера большой с кунжутом_batch_3,Расстойка,1014,1039,25
Сэндвич_batch_23,Смешивание,1014,1024,10
Отрубной (общий)_batch_3,Формовка,1019,1026,7
Формовой_batch_23,Расстойка,1019,1044,25
Формовой_batch_20,Выпекание,1020,1065,45
Сэндвич_batch_33,Выпекание,1021,1043,22
Сэндвич_batch_9,Остывание,1022,1067,45
Формовой_batch_8,Остывание,1023,1113,90
Сэндвич_batch_23,Формовка,1024,1035,11
Отрубной (общий)_batch_3,Расстойка,1026,1051,25
Формовой_batch_25,Остывание,1026,1116,90
Бородинский_batch_3,Комбинирование,1030,1051,21
Булочка для гамбургера большой с кунжутом_batch_4,Смешивание,1030,1040,10
Бородинский_batch_2,Комбинирование,1035,1056,21
Бородинский_batch_6,Смешивание,1035,1045,10
Сэндвич_batch_23,Расстойка,1035,1060,25
Булочка для гамбургера большой с кунжутом_batch_3,Выпекание,1039,1061,22
Булочка для гамбургера большой с кунжутом_batch_4,Формовка,1040,1051,11
Сэндвич_batch_33,Остывание,1043,1088,45
Формовой_batch_23,Выпекание,1044,1089,45
Формовой_batch_24,Остывание,1044,1134,90
Бородинский_batch_6,Формовка,1045,1056,11
Бородинский_batch_3,Смешивание,1051,1061,10
Бородинский_batch_4,Комбинирование,1051,1072,21
Булочка для гамбургера большой с кунжутом_batch_4,Расстойка,1051,1076,25
Отрубной (общий)_batch_3,Выпекание,1051,1068,17
Бородинский_batch_2,Смешивание,1056,1066,10
Бородинский_batch_6,Расстойка,1056,1076,20
Сэндвич_batch_11,Комбинирование,1056,1077,21
Сэндвич_batch_23,Выпекание,1060,1082,22
Бородинский_batch_3,Формовка,1061,1072,11
Булочка для гамбургера большой с кунжутом_batch_3,Остывание,1061,1106,45
Формовой_batch_20,Остывание,1065,1155,90
Бородинский_batch_2,Формовка,1066,1077,11
Отрубной (общий)_batch_3,Остывание,1068,1128,60
Бородинский_batch_3,Расстойка,1072,1092,20
Бородинский_batch_4,Смешивание,1072,1082,10
Формовой_batch_15,Комбинирование,1072,1093,21
Бородинский_batch_6,Выпекание,1076,1131,55
Булочка для гамбургера большой с кунжутом_batch_4,Выпекание,1076,1098,22
Бородинский_batch_2,Расстойка,1077,1097,20
Сэндвич_batch_11,Смешивание,1077,1087,10
Сэндвич_batch_32,Комбинирование,1077,1098,21
Бородинский_batch_4,Формовка,1082,1093,11
Сэндвич_batch_23,Остывание,1082,1127,45
Сэндвич_batch_11,Формовка,1087,1098,11
Формовой_batch_23,Остывание,1089,1179,90
Бородинский_batch_3,Выпекание,1092,1147,55
Бородинский_batch_4,Расстойка,1093,1113,20
Любимый_batch_1,Комбинирование,1093,1114,21
Формовой_batch_15,Смешивание,1093,1105,12
Бородинский_batch_2,Выпекание,1097,1152,55
Багет новый_batch_2,Комбинирование,1098,1119,21
Булочка для гамбургера большой с кунжутом_batch_4,Остывание,1098,1143,45
Сэндвич_batch_11,Расстойка,1098,1123,25
Сэндвич_batch_32,Смешивание,1098,1108,10
Формовой_batch_15,Формовка,1105,1116,11
Сэндвич_batch_32,Формовка,1108,1119,11
Бородинский_batch_4,Выпекание,1113,1168,55
Любимый_batch_1,Смешивание,1114,1124,10
Сэндвич_batch_30,Комбинирование,1114,1135,21
Формовой_batch_15,Расстойка,1116,1141,25
Багет новый_batch_2,Смешивание,1119,1129,10
Бородинский_batch_1,Комбинирование,1119,1140,21
Сэндвич_batch_32,Расстойка,1119,1144,25
Сэндвич_batch_11,Выпекание,1123,1145,22
Любимый_batch_1,Формовка,1124,1135,11
Багет новый_batch_2,Формовка,1129,1140,11
Бородинский_batch_6,Остывание,1131,1251,120
Багет отрубной_batch_1,Комбинирование,1135,1146,11
Любимый_batch_1,Расстойка,1135,1160,25
Сэндвич_batch_30,Смешивание,1135,1145,10
Багет новый_batch_2,Расстойка,1140,1165,25
Бородинский_batch_1,Смешивание,1140,1150,10
Сэндвич_batch_14,Комбинирование,1140,1161,21
Формовой_batch_15,Выпекание,1141,1186,45
Сэндвич_batch_32,Выпекание,1144,1166,22
Сэндвич_batch_11,Остывание,1145,1190,45
Сэндвич_batch_30,Формовка,1145,1156,11
Багет отрубной_batch_1,Смешивание,1146,1156,10
Формовой_batch_26,Комбинирование,1146,1147,1
Бородинский_batch_3,Остывание,1147,1267,120
Булочка для хотдога штучно_batch_5,Комбинирование,1147,1168,21
Бородинский_batch_1,Формовка,1150,1161,11
Формовой_batch_26,Смешивание,1150,1162,12
Бородинский_batch_2,Остывание,1152,1272,120
Багет отрубной_batch_1,Формовка,1156,1162,6
Сэндвич_batch_30,Расстойка,1156,1181,25
Любимый_batch_1,Выпекание,1160,1177,17
Бородинский_batch_1,Расстойка,1161,1181,20
Сэндвич_batch_14,Смешивание,1161,1171,10
Сэндвич_batch_36,Комбинирование,1161,1182,21
Багет отрубной_batch_1,Расстойка,1162,1187,25
Формовой_batch_26,Формовка,1162,1163,1
Формовой_batch_26,Расстойка,1163,1188,25
Багет новый_batch_2,Выпекание,1165,1190,25
Сэндвич_batch_32,Остывание,1166,1211,45
Багет новый_batch_3,Комбинирование,1168,1184,16
Бородинский_batch_4,Остывание,1168,1288,120
Булочка для хотдога штучно_batch_5,Смешивание,1168,1178,10
Сэндвич_batch_14,Формовка,1171,1182,11
Любимый_batch_1,Остывание,1177,1237,60
Булочка для хотдога штучно_batch_5,Формовка,1178,1189,11
Бородинский_batch_1,Выпекание,1181,1236,55
Сэндвич_batch_30,Выпекание,1181,1203,22
Сэндвич_batch_14,Расстойка,1182,1207,25
Сэндвич_batch_36,Смешивание,1182,1192,10
Формовой_batch_12,Комбинирование,1182,1203,21
Багет новый_batch_3,Смешивание,1184,1194,10
Формовой_batch_19,Комбинирование,1184,1205,21
Формовой_batch_15,Остывание,1186,1276,90
Багет отрубной_batch_1,Выпекание,1187,1205,18
Формовой_batch_26,Выпекание,1188,1233,45
Булочка для хотдога штучно_batch_5,Расстойка,1189,1214,25
Багет новый_batch_2,Остывание,1190,1265,75
Сэндвич_batch_36,Формовка,1192,1203,11
Багет новый_batch_3,Формовка,1194,1203,9
Багет новый_batch_3,Расстойка,1203,1228,25
Булочка для гамбургера большой с кунжутом_batch_1,Комбинирование,1203,1224,21
Сэндвич_batch_30,Остывание,1203,1248,45
Сэндвич_batch_36,Расстойка,1203,1228,25
Формовой_batch_12,Смешивание,1203,1215,12
Багет отрубной_batch_1,Остывание,1205,1250,45
Булочка для гамбургера большой с кунжутом_batch_2,Комбинирование,1205,1226,21
Формовой_batch_19,Смешивание,1205,1217,12
Сэндвич_batch_14,Выпекание,1207,1229,22
Булочка для хотдога штучно_batch_5,Выпекание,1214,1236,22
Формовой_batch_12,Формовка,1215,1226,11
Формовой_batch_19,Формовка,1217,1228,11
Булочка для гамбургера большой с кунжутом_batch_1,Смешивание,1224,1234,10
Сэндвич_batch_34,Комбинирование,1224,1245,21
Булочка для гамбургера большой с кунжутом_batch_2,Смешивание,1226,1236,10
Любимый_batch_7,Комбинирование,1226,1247,21
Формовой_batch_12,Расстойка,1226,1251,25
Багет новый_batch_3,Выпекание,1228,1253,25
Сэндвич_batch_36,Выпекание,1228,1250,22
Формовой_batch_19,Расстойка,1228,1253,25
Сэндвич_batch_14,Остывание,1229,1274,45
Формовой_batch_26,Остывание,1233,1323,90
Булочка для гамбургера большой с кунжутом_batch_1,Формовка,1234,1245,11
Бородинский_batch_1,Остывание,1236,1356,120
Булочка для гамбургера большой с кунжутом_batch_2,Формовка,1236,1247,11
Булочка для хотдога штучно_batch_5,Остывание,1236,1281,45
Булочка для гамбургера большой с кунжутом_batch_1,Расстойка,1245,1270,25
Сэндвич_batch_34,Смешивание,1245,1255,10
Сэндвич_batch_7,Комбинирование,1245,1266,21
Булочка для гамбургера большой с кунжутом_batch_2,Расстойка,1247,1272,25
Любимый_batch_7,Смешивание,1247,1257,10
Сэндвич_batch_1,Комбинирование,1247,1268,21
Сэндвич_batch_36,Остывание,1250,1295,45
Формовой_batch_12,Выпекание,1251,1296,45
Багет новый_batch_3,Остывание,1253,1328,75
Формовой_batch_19,Выпекание,1253,1298,45
Сэндвич_batch_34,Формовка,1255,1266,11
Любимый_batch_7,Формовка,1257,1268,11
Сэндвич_batch_34,Расстойка,1266,1291,25
Сэндвич_batch_35,Комбинирование,1266,1287,21
Сэндвич_batch_7,Смешивание,1266,1276,10
Любимый_batch_7,Расстойка,1268,1293,25
Сэндвич_batch_1,Смешивание,1268,1278,10
Булочка для гамбургера большой с кунжутом_batch_1,Выпекание,1270,1292,22
Булочка для гамбургера большой с кунжутом_batch_2,Выпекание,1272,1294,22
Сэндвич_batch_7,Формовка,1276,1287,11
Сэндвич_batch_1,Формовка,1278,1289,11
Сэндвич_batch_35,Смешивание,1287,1297,10
Сэндвич_batch_7,Расстойка,1287,1312,25
Сэндвич_batch_1,Расстойка,1289,1314,25
Сэндвич_batch_34,Выпекание,1291,1313,22
Булочка для гамбургера большой с кунжутом_batch_1,Остывание,1292,1337,45
Любимый_batch_7,Выпекание,1293,1310,17
Булочка для гамбургера большой с кунжутом_batch_2,Остывание,1294,1339,45
Формовой_batch_12,Остывание,1296,1386,90
Сэндвич_batch_35,Формовка,1297,1308,11
Формовой_batch_19,Остывание,1298,1388,90
Сэндвич_batch_35,Расстойка,1308,1333,25
Любимый_batch_7,Остывание,1310,1370,60
Сэндвич_batch_7,Выпекание,1312,1334,22
Сэндвич_batch_34,Остывание,1313,1358,45
Сэндвич_batch_1,Выпекание,1314,1336,22
Сэндвич_batch_35,Выпекание,1333,1355,22
Сэндвич_batch_7,Остывание,1334,1379,45
Сэндвич_batch_1,Остывание,1336,1381,45
Сэндвич_batch_35,Остывание,1355,1400,45
