Batch_ID,Stage,Start_Time_Min,End_Time_Min,Duration_Min
Бородинский_batch_1,Комбинирование,0,21,21
Бородинский_batch_3,Комбинирование,0,21,21
Бородинский_batch_1,Смешивание,21,31,10
Бородинский_batch_2,Комбинирование,21,42,21
Бородинский_batch_3,Смешивание,21,31,10
Бородинский_batch_6,Комбинирование,21,42,21
Бородинский_batch_1,Формовка,31,42,11
Бородинский_batch_3,Формовка,31,42,11
Бородинский_batch_1,Расстойка,42,62,20
Бородинский_batch_2,Смешивание,42,52,10
Бородинский_batch_3,Расстойка,42,62,20
Бородинский_batch_5,Комбинирование,42,63,21
Бородинский_batch_6,Смешивание,42,52,10
Формовой_batch_24,Комбинирование,42,63,21
Бородинский_batch_2,Формовка,52,63,11
Бородинский_batch_6,Формовка,52,63,11
Бородинский_batch_1,Выпекание,62,117,55
Бородинский_batch_3,Выпекание,62,117,55
Бородинский_batch_2,Расстойка,63,83,20
Бородинский_batch_5,Смешивание,63,73,10
Бородинский_batch_6,Расстойка,63,83,20
Диета_batch_1,Комбинирование,63,84,21
Диета_batch_2,Комбинирование,63,84,21
Формовой_batch_24,Смешивание,63,75,12
Бородинский_batch_5,Формовка,73,84,11
Формовой_batch_24,Формовка,75,86,11
Бородинский_batch_2,Выпекание,83,138,55
Бородинский_batch_6,Выпекание,83,138,55
Бородинский_batch_4,Комбинирование,84,105,21
Бородинский_batch_5,Расстойка,84,104,20
Диета_batch_1,Смешивание,84,94,10
Диета_batch_2,Смешивание,84,94,10
Формовой_batch_10,Комбинирование,84,105,21
Формовой_batch_24,Расстойка,86,111,25
Диета_batch_1,Формовка,94,105,11
Диета_batch_2,Формовка,94,105,11
Бородинский_batch_5,Выпекание,104,159,55
Бородинский_batch_4,Смешивание,105,115,10
Диета_batch_1,Расстойка,105,143,38
Диета_batch_2,Расстойка,105,143,38
Диета_batch_3,Комбинирование,105,126,21
Формовой_batch_10,Смешивание,105,117,12
Формовой_batch_2,Комбинирование,105,126,21
Формовой_batch_24,Выпекание,111,156,45
Бородинский_batch_4,Формовка,115,126,11
Бородинский_batch_1,Остывание,117,237,120
Бородинский_batch_3,Остывание,117,237,120
Формовой_batch_10,Формовка,117,128,11
Бородинский_batch_4,Расстойка,126,146,20
Диета_batch_3,Смешивание,126,136,10
Формовой_batch_11,Комбинирование,126,147,21
Формовой_batch_14,Комбинирование,126,147,21
Формовой_batch_2,Смешивание,126,138,12
Формовой_batch_10,Расстойка,128,153,25
Диета_batch_3,Формовка,136,147,11
Бородинский_batch_2,Остывание,138,258,120
Бородинский_batch_6,Остывание,138,258,120
Формовой_batch_2,Формовка,138,149,11
Диета_batch_1,Выпекание,143,178,35
Диета_batch_2,Выпекание,143,178,35
Бородинский_batch_4,Выпекание,146,201,55
Диета_batch_3,Расстойка,147,185,38
Мини формовой_batch_1,Комбинирование,147,168,21
Формовой_batch_11,Смешивание,147,159,12
Формовой_batch_14,Смешивание,147,159,12
Формовой_batch_23,Комбинирование,147,168,21
Формовой_batch_2,Расстойка,149,174,25
Формовой_batch_10,Выпекание,153,198,45
Формовой_batch_24,Остывание,156,246,90
Бородинский_batch_5,Остывание,159,279,120
Формовой_batch_11,Формовка,159,170,11
Формовой_batch_14,Формовка,159,170,11
Мини формовой_batch_1,Смешивание,168,180,12
Формовой_batch_1,Комбинирование,168,189,21
Формовой_batch_23,Смешивание,168,180,12
Формовой_batch_7,Комбинирование,168,189,21
Формовой_batch_11,Расстойка,170,195,25
Формовой_batch_14,Расстойка,170,195,25
Формовой_batch_2,Выпекание,174,219,45
Диета_batch_1,Остывание,178,268,90
Диета_batch_2,Остывание,178,268,90
Мини формовой_batch_1,Формовка,180,191,11
Формовой_batch_23,Формовка,180,191,11
Диета_batch_3,Выпекание,185,220,35
Формовой_batch_1,Смешивание,189,201,12
Формовой_batch_25,Комбинирование,189,210,21
Формовой_batch_4,Комбинирование,189,210,21
Формовой_batch_7,Смешивание,189,201,12
Мини формовой_batch_1,Расстойка,191,216,25
Формовой_batch_23,Расстойка,191,216,25
Формовой_batch_11,Выпекание,195,240,45
Формовой_batch_14,Выпекание,195,240,45
Формовой_batch_10,Остывание,198,288,90
Бородинский_batch_4,Остывание,201,321,120
Формовой_batch_1,Формовка,201,212,11
Формовой_batch_7,Формовка,201,212,11
Формовой_batch_22,Комбинирование,210,231,21
Формовой_batch_25,Смешивание,210,222,12
Формовой_batch_4,Смешивание,210,222,12
Формовой_batch_9,Комбинирование,210,231,21
Формовой_batch_1,Расстойка,212,237,25
Формовой_batch_7,Расстойка,212,237,25
Мини формовой_batch_1,Выпекание,216,261,45
Формовой_batch_23,Выпекание,216,261,45
Формовой_batch_2,Остывание,219,309,90
Диета_batch_3,Остывание,220,310,90
Формовой_batch_25,Формовка,222,233,11
Формовой_batch_4,Формовка,222,233,11
Формовой_batch_15,Комбинирование,231,252,21
Формовой_batch_22,Смешивание,231,243,12
Формовой_batch_5,Комбинирование,231,252,21
Формовой_batch_9,Смешивание,231,243,12
Формовой_batch_25,Расстойка,233,258,25
Формовой_batch_4,Расстойка,233,258,25
Формовой_batch_1,Выпекание,237,282,45
Формовой_batch_7,Выпекание,237,282,45
Формовой_batch_11,Остывание,240,330,90
Формовой_batch_14,Остывание,240,330,90
Формовой_batch_22,Формовка,243,254,11
Формовой_batch_9,Формовка,243,254,11
Формовой_batch_13,Комбинирование,252,273,21
Формовой_batch_15,Смешивание,252,264,12
Формовой_batch_20,Комбинирование,252,273,21
Формовой_batch_5,Смешивание,252,264,12
Формовой_batch_22,Расстойка,254,279,25
Формовой_batch_9,Расстойка,254,279,25
Формовой_batch_25,Выпекание,258,303,45
Формовой_batch_4,Выпекание,258,303,45
Мини формовой_batch_1,Остывание,261,351,90
Формовой_batch_23,Остывание,261,351,90
Формовой_batch_15,Формовка,264,275,11
Формовой_batch_5,Формовка,264,275,11
Формовой_batch_13,Смешивание,273,285,12
Формовой_batch_19,Комбинирование,273,294,21
Формовой_batch_20,Смешивание,273,285,12
Формовой_batch_8,Комбинирование,273,294,21
Формовой_batch_15,Расстойка,275,300,25
Формовой_batch_5,Расстойка,275,300,25
Формовой_batch_22,Выпекание,279,324,45
Формовой_batch_9,Выпекание,279,324,45
Формовой_batch_1,Остывание,282,372,90
Формовой_batch_7,Остывание,282,372,90
Формовой_batch_13,Формовка,285,296,11
Формовой_batch_20,Формовка,285,296,11
Мини формовой_batch_2,Комбинирование,294,315,21
Формовой_batch_18,Комбинирование,294,315,21
Формовой_batch_19,Смешивание,294,306,12
Формовой_batch_8,Смешивание,294,306,12
Формовой_batch_13,Расстойка,296,321,25
Формовой_batch_20,Расстойка,296,321,25
Формовой_batch_15,Выпекание,300,345,45
Формовой_batch_5,Выпекание,300,345,45
Формовой_batch_25,Остывание,303,393,90
Формовой_batch_4,Остывание,303,393,90
Формовой_batch_19,Формовка,306,317,11
Формовой_batch_8,Формовка,306,317,11
Мини формовой_batch_2,Смешивание,315,327,12
Мини формовой_batch_3,Комбинирование,315,336,21
Формовой_batch_18,Смешивание,315,327,12
Формовой_batch_6,Комбинирование,315,336,21
Формовой_batch_19,Расстойка,317,342,25
Формовой_batch_8,Расстойка,317,342,25
Формовой_batch_13,Выпекание,321,366,45
Формовой_batch_20,Выпекание,321,366,45
Формовой_batch_22,Остывание,324,414,90
Формовой_batch_9,Остывание,324,414,90
Мини формовой_batch_2,Формовка,327,338,11
Формовой_batch_18,Формовка,327,338,11
Мини формовой_batch_3,Смешивание,336,348,12
Формовой_batch_16,Комбинирование,336,357,21
Формовой_batch_3,Комбинирование,336,357,21
Формовой_batch_6,Смешивание,336,348,12
Мини формовой_batch_2,Расстойка,338,363,25
Формовой_batch_18,Расстойка,338,363,25
Формовой_batch_19,Выпекание,342,387,45
Формовой_batch_8,Выпекание,342,387,45
Формовой_batch_15,Остывание,345,435,90
Формовой_batch_5,Остывание,345,435,90
Мини формовой_batch_3,Формовка,348,359,11
Формовой_batch_6,Формовка,348,359,11
Формовой_batch_12,Комбинирование,357,378,21
Формовой_batch_16,Смешивание,357,369,12
Формовой_batch_17,Комбинирование,357,378,21
Формовой_batch_3,Смешивание,357,369,12
Мини формовой_batch_3,Расстойка,359,384,25
Формовой_batch_6,Расстойка,359,384,25
Мини формовой_batch_2,Выпекание,363,408,45
Формовой_batch_18,Выпекание,363,408,45
Формовой_batch_13,Остывание,366,456,90
Формовой_batch_20,Остывание,366,456,90
Формовой_batch_16,Формовка,369,380,11
Формовой_batch_3,Формовка,369,380,11
Диета_batch_4,Комбинирование,378,391,13
Формовой_batch_12,Смешивание,378,390,12
Формовой_batch_17,Смешивание,378,390,12
Формовой_batch_21,Комбинирование,378,399,21
Формовой_batch_16,Расстойка,380,405,25
Формовой_batch_3,Расстойка,380,405,25
Мини формовой_batch_3,Выпекание,384,429,45
Формовой_batch_6,Выпекание,384,429,45
Формовой_batch_19,Остывание,387,477,90
Формовой_batch_8,Остывание,387,477,90
Формовой_batch_12,Формовка,390,401,11
Формовой_batch_17,Формовка,390,401,11
Бородинский_batch_7,Комбинирование,391,398,7
Диета_batch_4,Смешивание,391,401,10
Бородинский_batch_7,Смешивание,398,408,10
Мини формовой_batch_4,Комбинирование,398,410,12
Формовой_batch_21,Смешивание,399,411,12
Хлеб «Зерновой»_batch_1,Комбинирование,399,420,21
Диета_batch_4,Формовка,401,408,7
Формовой_batch_12,Расстойка,401,426,25
Формовой_batch_17,Расстойка,401,426,25
Формовой_batch_16,Выпекание,405,450,45
Формовой_batch_3,Выпекание,405,450,45
Бородинский_batch_7,Формовка,408,412,4
Диета_batch_4,Расстойка,408,446,38
Мини формовой_batch_2,Остывание,408,498,90
Формовой_batch_18,Остывание,408,498,90
Багет новый_batch_3,Комбинирование,410,426,16
Мини формовой_batch_4,Смешивание,410,422,12
Формовой_batch_21,Формовка,411,422,11
Бородинский_batch_7,Расстойка,412,432,20
Багет новый_batch_1,Комбинирование,420,441,21
Хлеб «Зерновой»_batch_1,Смешивание,420,430,10
Мини формовой_batch_4,Формовка,422,428,6
Формовой_batch_21,Расстойка,422,447,25
Багет новый_batch_3,Смешивание,426,436,10
Формовой_batch_12,Выпекание,426,471,45
Формовой_batch_17,Выпекание,426,471,45
Формовой_batch_26,Комбинирование,426,427,1
Багет новый_batch_2,Комбинирование,427,448,21
Мини формовой_batch_4,Расстойка,428,453,25
Формовой_batch_26,Смешивание,428,440,12
Мини формовой_batch_3,Остывание,429,519,90
Формовой_batch_6,Остывание,429,519,90
Хлеб «Зерновой»_batch_1,Формовка,430,441,11
Бородинский_batch_7,Выпекание,432,487,55
Багет новый_batch_3,Формовка,437,446,9
Багет новый_batch_1,Смешивание,441,451,10
Формовой_batch_26,Формовка,441,442,1
Хлеб «Зерновой»_batch_1,Расстойка,441,466,25
Хлеб «Зерновой»_batch_2,Комбинирование,441,451,10
Формовой_batch_26,Расстойка,442,467,25
Диета_batch_4,Выпекание,446,481,35
Багет новый_batch_2,Смешивание,448,458,10
Любимый_batch_5,Комбинирование,448,469,21
Формовой_batch_16,Остывание,450,540,90
Формовой_batch_21,Выпекание,450,495,45
Формовой_batch_3,Остывание,450,540,90
Багет новый_batch_1,Формовка,451,462,11
Багет новый_batch_3,Расстойка,451,476,25
Отрубной (общий)_batch_2,Комбинирование,451,472,21
Хлеб «Зерновой»_batch_2,Смешивание,451,461,10
Мини формовой_batch_4,Выпекание,453,498,45
Багет новый_batch_2,Формовка,458,469,11
Багет новый_batch_1,Расстойка,462,487,25
Хлеб «Зерновой»_batch_2,Формовка,462,467,5
Хлеб «Зерновой»_batch_2,Расстойка,467,492,25
Багет новый_batch_2,Расстойка,469,494,25
Любимый_batch_5,Смешивание,469,479,10
Плетенка_batch_1,Комбинирование,469,490,21
Формовой_batch_12,Остывание,471,561,90
Формовой_batch_17,Остывание,471,561,90
Формовой_batch_26,Выпекание,471,516,45
Хлеб «Зерновой»_batch_1,Выпекание,471,496,25
Любимый_batch_3,Комбинирование,472,493,21
Отрубной (общий)_batch_2,Смешивание,472,482,10
Любимый_batch_5,Формовка,479,490,11
Багет новый_batch_3,Выпекание,481,506,25
Диета_batch_4,Остывание,481,571,90
Отрубной (общий)_batch_2,Формовка,482,493,11
Багет новый_batch_1,Выпекание,487,512,25
Бородинский_batch_7,Остывание,487,607,120
Баварский Деревенский Ржаной_batch_1,Комбинирование,490,493,3
Любимый_batch_5,Расстойка,490,515,25
Плетенка_batch_1,Смешивание,490,500,10
Баварский Деревенский Ржаной_batch_1,Смешивание,493,503,10
Батон Нарезной_batch_3,Комбинирование,493,514,21
Жайлы_batch_1,Комбинирование,493,514,21
Отрубной (общий)_batch_2,Расстойка,493,518,25
Любимый_batch_3,Смешивание,494,504,10
Формовой_batch_21,Остывание,495,585,90
Хлеб «Зерновой»_batch_2,Выпекание,495,520,25
Багет новый_batch_2,Выпекание,496,521,25
Хлеб «Зерновой»_batch_1,Остывание,496,571,75
Мини формовой_batch_4,Остывание,498,588,90
Плетенка_batch_1,Формовка,500,511,11
Баварский Деревенский Ржаной_batch_1,Формовка,503,505,2
Баварский Деревенский Ржаной_batch_1,Расстойка,505,535,30
Любимый_batch_3,Формовка,505,516,11
Багет новый_batch_3,Остывание,506,581,75
Плетенка_batch_1,Расстойка,511,536,25
Багет новый_batch_1,Остывание,512,587,75
Батон Нарезной_batch_1,Комбинирование,514,535,21
Батон Нарезной_batch_3,Смешивание,514,524,10
Жайлы_batch_1,Смешивание,514,524,10
Любимый_batch_4,Комбинирование,514,535,21
Любимый_batch_5,Выпекание,515,532,17
Любимый_batch_3,Расстойка,516,541,25
Формовой_batch_26,Остывание,516,606,90
Отрубной (общий)_batch_2,Выпекание,518,535,17
Хлеб «Зерновой»_batch_2,Остывание,520,595,75
Багет новый_batch_2,Остывание,521,596,75
Батон Нарезной_batch_3,Формовка,524,535,11
Жайлы_batch_1,Формовка,524,535,11
Любимый_batch_5,Остывание,532,592,60
Баварский Деревенский Ржаной_batch_1,Выпекание,535,553,18
Батон Нарезной_batch_1,Смешивание,535,545,10
Батон Нарезной_batch_3,Расстойка,535,560,25
Жайлы_batch_1,Расстойка,535,560,25
Любимый_batch_4,Смешивание,535,545,10
Любимый_batch_7,Комбинирование,535,556,21
Отрубной (общий)_batch_2,Остывание,535,595,60
Семейный_batch_3,Комбинирование,535,556,21
Плетенка_batch_1,Выпекание,536,553,17
Любимый_batch_3,Выпекание,541,558,17
Батон Нарезной_batch_1,Формовка,545,556,11
Любимый_batch_4,Формовка,545,556,11
Баварский Деревенский Ржаной_batch_1,Остывание,553,643,90
Плетенка_batch_1,Остывание,553,613,60
Батон Нарезной_batch_1,Расстойка,556,581,25
Любимый_batch_4,Расстойка,556,581,25
Любимый_batch_7,Смешивание,556,566,10
Отрубной (общий)_batch_1,Комбинирование,556,577,21
Семейный_batch_1,Комбинирование,556,577,21
Семейный_batch_3,Смешивание,556,566,10
Любимый_batch_3,Остывание,558,618,60
Батон Нарезной_batch_3,Выпекание,560,577,17
Жайлы_batch_1,Выпекание,560,577,17
Любимый_batch_7,Формовка,566,577,11
Семейный_batch_3,Формовка,566,577,11
Батон Нарезной_batch_3,Остывание,577,637,60
Жайлы_batch_1,Остывание,577,637,60
Любимый_batch_7,Расстойка,577,602,25
Любимый_batch_8,Комбинирование,577,598,21
Отрубной (общий)_batch_1,Смешивание,577,587,10
Семейный_batch_1,Смешивание,577,587,10
Семейный_batch_2,Комбинирование,577,598,21
Семейный_batch_3,Расстойка,577,602,25
Батон Нарезной_batch_1,Выпекание,581,598,17
Любимый_batch_4,Выпекание,581,598,17
Отрубной (общий)_batch_1,Формовка,587,598,11
Семейный_batch_1,Формовка,587,598,11
Батон Нарезной_batch_1,Остывание,598,658,60
Батон Нарезной_batch_2,Комбинирование,598,619,21
Любимый_batch_4,Остывание,598,658,60
Любимый_batch_6,Комбинирование,598,619,21
Любимый_batch_8,Смешивание,598,608,10
Отрубной (общий)_batch_1,Расстойка,598,623,25
Семейный_batch_1,Расстойка,598,623,25
Семейный_batch_2,Смешивание,598,608,10
Любимый_batch_7,Выпекание,602,619,17
Семейный_batch_3,Выпекание,602,619,17
Любимый_batch_8,Формовка,608,619,11
Семейный_batch_2,Формовка,608,619,11
Батон Нарезной_batch_2,Смешивание,619,629,10
Любимый_batch_1,Комбинирование,619,640,21
Любимый_batch_2,Комбинирование,619,640,21
Любимый_batch_6,Смешивание,619,629,10
Любимый_batch_7,Остывание,619,679,60
Любимый_batch_8,Расстойка,619,644,25
Семейный_batch_2,Расстойка,619,644,25
Семейный_batch_3,Остывание,619,679,60
Отрубной (общий)_batch_1,Выпекание,623,640,17
Семейный_batch_1,Выпекание,623,640,17
Батон Нарезной_batch_2,Формовка,629,640,11
Любимый_batch_6,Формовка,629,640,11
Батон Нарезной_batch_2,Расстойка,640,665,25
Батон Нарезной_batch_4,Комбинирование,640,659,19
Жайлы_batch_2,Комбинирование,640,658,18
Любимый_batch_1,Смешивание,640,650,10
Любимый_batch_2,Смешивание,640,650,10
Любимый_batch_6,Расстойка,640,665,25
Отрубной (общий)_batch_1,Остывание,640,700,60
Семейный_batch_1,Остывание,640,700,60
Любимый_batch_8,Выпекание,644,661,17
Семейный_batch_2,Выпекание,644,661,17
Любимый_batch_1,Формовка,650,661,11
Любимый_batch_2,Формовка,650,661,11
Береке_batch_1,Комбинирование,658,679,21
Жайлы_batch_2,Смешивание,658,668,10
Батон Нарезной_batch_4,Смешивание,659,669,10
Булочка для гамбургера большой с кунжутом_batch_1,Комбинирование,659,680,21
Любимый_batch_1,Расстойка,661,686,25
Любимый_batch_2,Расстойка,661,686,25
Любимый_batch_8,Остывание,661,721,60
Семейный_batch_2,Остывание,661,721,60
Батон Нарезной_batch_2,Выпекание,665,682,17
Любимый_batch_6,Выпекание,665,682,17
Жайлы_batch_2,Формовка,668,678,10
Батон Нарезной_batch_4,Формовка,669,679,10
Жайлы_batch_2,Расстойка,678,703,25
Батон Нарезной_batch_4,Расстойка,679,704,25
Береке_batch_1,Смешивание,679,689,10
Булочка для хотдога штучно_batch_6,Комбинирование,679,700,21
Булочка для гамбургера большой с кунжутом_batch_1,Смешивание,680,690,10
Булочка для гамбургера большой с кунжутом_batch_2,Комбинирование,680,701,21
Батон Нарезной_batch_2,Остывание,682,742,60
Любимый_batch_6,Остывание,682,742,60
Любимый_batch_1,Выпекание,686,703,17
Любимый_batch_2,Выпекание,686,703,17
Береке_batch_1,Формовка,689,700,11
Булочка для гамбургера большой с кунжутом_batch_1,Формовка,690,701,11
Береке_batch_1,Расстойка,700,720,20
Булочка для хотдога штучно_batch_6,Смешивание,700,710,10
Сэндвич_batch_9,Комбинирование,700,721,21
Булочка для гамбургера большой с кунжутом_batch_1,Расстойка,701,726,25
Булочка для гамбургера большой с кунжутом_batch_2,Смешивание,701,711,10
Булочка для хотдога штучно_batch_4,Комбинирование,701,722,21
Жайлы_batch_2,Выпекание,703,720,17
Любимый_batch_1,Остывание,703,763,60
Любимый_batch_2,Остывание,703,763,60
Батон Нарезной_batch_4,Выпекание,704,721,17
Булочка для хотдога штучно_batch_6,Формовка,710,721,11
Булочка для гамбургера большой с кунжутом_batch_2,Формовка,711,722,11
Береке_batch_1,Выпекание,720,736,16
Жайлы_batch_2,Остывание,720,780,60
Батон Нарезной_batch_4,Остывание,721,781,60
Булочка для гамбургера большой с кунжутом_batch_5,Комбинирование,721,742,21
Булочка для хотдога штучно_batch_6,Расстойка,721,746,25
Сэндвич_batch_9,Смешивание,721,731,10
Булочка для гамбургера большой с кунжутом_batch_2,Расстойка,722,747,25
Булочка для хотдога штучно_batch_4,Смешивание,722,732,10
Сэндвич_batch_3,Комбинирование,722,743,21
Булочка для гамбургера большой с кунжутом_batch_1,Выпекание,726,748,22
Сэндвич_batch_9,Формовка,731,742,11
Булочка для хотдога штучно_batch_4,Формовка,732,743,11
Береке_batch_1,Остывание,736,796,60
Булочка для гамбургера большой с кунжутом_batch_5,Смешивание,742,752,10
Сэндвич_batch_20,Комбинирование,742,763,21
Сэндвич_batch_9,Расстойка,742,767,25
Булочка для хотдога штучно_batch_4,Расстойка,743,768,25
Сэндвич_batch_3,Смешивание,743,753,10
Сэндвич_batch_38,Комбинирование,743,764,21
Булочка для хотдога штучно_batch_6,Выпекание,746,768,22
Булочка для гамбургера большой с кунжутом_batch_2,Выпекание,747,769,22
Булочка для гамбургера большой с кунжутом_batch_1,Остывание,748,793,45
Булочка для гамбургера большой с кунжутом_batch_5,Формовка,752,763,11
Сэндвич_batch_3,Формовка,753,764,11
Булочка для гамбургера большой с кунжутом_batch_5,Расстойка,763,788,25
Сэндвич_batch_20,Смешивание,763,773,10
Сэндвич_batch_35,Комбинирование,763,784,21
Сэндвич_batch_3,Расстойка,764,789,25
Сэндвич_batch_38,Смешивание,764,774,10
Сэндвич_batch_8,Комбинирование,764,785,21
Сэндвич_batch_9,Выпекание,767,789,22
Булочка для хотдога штучно_batch_4,Выпекание,768,790,22
Булочка для хотдога штучно_batch_6,Остывание,768,813,45
Булочка для гамбургера большой с кунжутом_batch_2,Остывание,769,814,45
Сэндвич_batch_20,Формовка,773,784,11
Сэндвич_batch_38,Формовка,774,785,11
Сэндвич_batch_10,Комбинирование,784,805,21
Сэндвич_batch_20,Расстойка,784,809,25
Сэндвич_batch_35,Смешивание,784,794,10
Сэндвич_batch_21,Комбинирование,785,806,21
Сэндвич_batch_38,Расстойка,785,810,25
Сэндвич_batch_8,Смешивание,785,795,10
Булочка для гамбургера большой с кунжутом_batch_5,Выпекание,788,810,22
Сэндвич_batch_3,Выпекание,789,811,22
Сэндвич_batch_9,Остывание,789,834,45
Булочка для хотдога штучно_batch_4,Остывание,790,835,45
Сэндвич_batch_35,Формовка,794,805,11
Сэндвич_batch_8,Формовка,795,806,11
Сэндвич_batch_10,Смешивание,805,815,10
Сэндвич_batch_26,Комбинирование,805,826,21
Сэндвич_batch_35,Расстойка,805,830,25
Сэндвич_batch_21,Смешивание,806,816,10
Сэндвич_batch_7,Комбинирование,806,827,21
Сэндвич_batch_8,Расстойка,806,831,25
Сэндвич_batch_20,Выпекание,809,831,22
Булочка для гамбургера большой с кунжутом_batch_5,Остывание,810,855,45
Сэндвич_batch_38,Выпекание,810,832,22
Сэндвич_batch_3,Остывание,811,856,45
Сэндвич_batch_10,Формовка,815,826,11
Сэндвич_batch_21,Формовка,816,827,11
Сэндвич_batch_10,Расстойка,826,851,25
Сэндвич_batch_25,Комбинирование,826,847,21
Сэндвич_batch_26,Смешивание,826,836,10
Сэндвич_batch_21,Расстойка,827,852,25
Сэндвич_batch_28,Комбинирование,827,848,21
Сэндвич_batch_7,Смешивание,827,837,10
Сэндвич_batch_35,Выпекание,830,852,22
Сэндвич_batch_20,Остывание,831,876,45
Сэндвич_batch_8,Выпекание,831,853,22
Сэндвич_batch_38,Остывание,832,877,45
Сэндвич_batch_26,Формовка,836,847,11
Сэндвич_batch_7,Формовка,837,848,11
Сэндвич_batch_25,Смешивание,847,857,10
Сэндвич_batch_26,Расстойка,847,872,25
Сэндвич_batch_30,Комбинирование,847,868,21
Булочка для хотдога штучно_batch_5,Комбинирование,848,869,21
Сэндвич_batch_28,Смешивание,848,858,10
Сэндвич_batch_7,Расстойка,848,873,25
Сэндвич_batch_10,Выпекание,851,873,22
Сэндвич_batch_21,Выпекание,852,874,22
Сэндвич_batch_35,Остывание,852,897,45
Сэндвич_batch_8,Остывание,853,898,45
Сэндвич_batch_25,Формовка,857,868,11
Сэндвич_batch_28,Формовка,858,869,11
Сэндвич_batch_18,Комбинирование,868,889,21
Сэндвич_batch_25,Расстойка,868,893,25
Сэндвич_batch_30,Смешивание,868,878,10
Булочка для хотдога штучно_batch_1,Комбинирование,869,890,21
Булочка для хотдога штучно_batch_5,Смешивание,869,879,10
Сэндвич_batch_28,Расстойка,869,894,25
Сэндвич_batch_26,Выпекание,872,894,22
Сэндвич_batch_10,Остывание,873,918,45
Сэндвич_batch_7,Выпекание,873,895,22
Сэндвич_batch_21,Остывание,874,919,45
Сэндвич_batch_30,Формовка,878,889,11
Булочка для хотдога штучно_batch_5,Формовка,879,890,11
Сэндвич_batch_18,Смешивание,889,899,10
Сэндвич_batch_30,Расстойка,889,914,25
Сэндвич_batch_36,Комбинирование,889,910,21
Булочка для хотдога штучно_batch_1,Смешивание,890,900,10
Булочка для хотдога штучно_batch_5,Расстойка,890,915,25
Сэндвич_batch_14,Комбинирование,890,911,21
Сэндвич_batch_25,Выпекание,893,915,22
Сэндвич_batch_26,Остывание,894,939,45
Сэндвич_batch_28,Выпекание,894,916,22
Сэндвич_batch_7,Остывание,895,940,45
Сэндвич_batch_18,Формовка,899,910,11
Булочка для хотдога штучно_batch_1,Формовка,900,911,11
Сэндвич_batch_13,Комбинирование,910,931,21
Сэндвич_batch_18,Расстойка,910,935,25
Сэндвич_batch_36,Смешивание,910,920,10
Булочка для хотдога штучно_batch_1,Расстойка,911,936,25
Сэндвич_batch_14,Смешивание,911,921,10
Сэндвич_batch_24,Комбинирование,911,932,21
Сэндвич_batch_30,Выпекание,914,936,22
Булочка для хотдога штучно_batch_5,Выпекание,915,937,22
Сэндвич_batch_25,Остывание,915,960,45
Сэндвич_batch_28,Остывание,916,961,45
Сэндвич_batch_36,Формовка,920,931,11
Сэндвич_batch_14,Формовка,921,932,11
Сэндвич_batch_12,Комбинирование,931,952,21
Сэндвич_batch_13,Смешивание,931,941,10
Сэндвич_batch_36,Расстойка,931,956,25
Сэндвич_batch_14,Расстойка,932,957,25
Сэндвич_batch_24,Смешивание,932,942,10
Сэндвич_batch_34,Комбинирование,932,953,21
Сэндвич_batch_18,Выпекание,935,957,22
Булочка для хотдога штучно_batch_1,Выпекание,936,958,22
Сэндвич_batch_30,Остывание,936,981,45
Булочка для хотдога штучно_batch_5,Остывание,937,982,45
Сэндвич_batch_13,Формовка,941,952,11
Сэндвич_batch_24,Формовка,942,953,11
Сэндвич_batch_12,Смешивание,952,962,10
Сэндвич_batch_13,Расстойка,952,977,25
Сэндвич_batch_5,Комбинирование,952,973,21
Сэндвич_batch_2,Комбинирование,953,974,21
Сэндвич_batch_24,Расстойка,953,978,25
Сэндвич_batch_34,Смешивание,953,963,10
Сэндвич_batch_36,Выпекание,956,978,22
Сэндвич_batch_14,Выпекание,957,979,22
Сэндвич_batch_18,Остывание,957,1002,45
Булочка для хотдога штучно_batch_1,Остывание,958,1003,45
Сэндвич_batch_12,Формовка,962,973,11
Сэндвич_batch_34,Формовка,963,974,11
Сэндвич_batch_11,Комбинирование,973,994,21
Сэндвич_batch_12,Расстойка,973,998,25
Сэндвич_batch_5,Смешивание,973,983,10
Сэндвич_batch_2,Смешивание,974,984,10
Сэндвич_batch_31,Комбинирование,974,995,21
Сэндвич_batch_34,Расстойка,974,999,25
Сэндвич_batch_13,Выпекание,977,999,22
Сэндвич_batch_24,Выпекание,978,1000,22
Сэндвич_batch_36,Остывание,978,1023,45
Сэндвич_batch_14,Остывание,979,1024,45
Сэндвич_batch_5,Формовка,983,994,11
Сэндвич_batch_2,Формовка,984,995,11
Булочка для хотдога штучно_batch_2,Комбинирование,994,1015,21
Сэндвич_batch_11,Смешивание,994,1004,10
Сэндвич_batch_5,Расстойка,994,1019,25
Сэндвич_batch_2,Расстойка,995,1020,25
Сэндвич_batch_31,Смешивание,995,1005,10
Сэндвич_batch_33,Комбинирование,995,1016,21
Сэндвич_batch_12,Выпекание,998,1020,22
Сэндвич_batch_13,Остывание,999,1044,45
Сэндвич_batch_34,Выпекание,999,1021,22
Сэндвич_batch_24,Остывание,1000,1045,45
Сэндвич_batch_11,Формовка,1004,1015,11
Сэндвич_batch_31,Формовка,1005,1016,11
Булочка для гамбургера большой с кунжутом_batch_3,Комбинирование,1015,1036,21
Булочка для хотдога штучно_batch_2,Смешивание,1015,1025,10
Сэндвич_batch_11,Расстойка,1015,1040,25
Сэндвич_batch_31,Расстойка,1016,1041,25
Сэндвич_batch_33,Смешивание,1016,1026,10
Сэндвич_batch_37,Комбинирование,1016,1037,21
Сэндвич_batch_5,Выпекание,1019,1041,22
Сэндвич_batch_12,Остывание,1020,1065,45
Сэндвич_batch_2,Выпекание,1020,1042,22
Сэндвич_batch_34,Остывание,1021,1066,45
Булочка для хотдога штучно_batch_2,Формовка,1025,1036,11
Сэндвич_batch_33,Формовка,1026,1037,11
Булочка для гамбургера большой с кунжутом_batch_3,Смешивание,1036,1046,10
Булочка для гамбургера большой с кунжутом_batch_6,Комбинирование,1036,1057,21
Булочка для хотдога штучно_batch_2,Расстойка,1036,1061,25
Булочка для хотдога штучно_batch_7,Комбинирование,1037,1058,21
Сэндвич_batch_33,Расстойка,1037,1062,25
Сэндвич_batch_37,Смешивание,1037,1047,10
Сэндвич_batch_11,Выпекание,1040,1062,22
Сэндвич_batch_31,Выпекание,1041,1063,22
Сэндвич_batch_5,Остывание,1041,1086,45
Сэндвич_batch_2,Остывание,1042,1087,45
Булочка для гамбургера большой с кунжутом_batch_3,Формовка,1046,1057,11
Сэндвич_batch_37,Формовка,1047,1058,11
Булочка для гамбургера большой с кунжутом_batch_3,Расстойка,1057,1082,25
Булочка для гамбургера большой с кунжутом_batch_6,Смешивание,1057,1067,10
Сэндвич_batch_19,Комбинирование,1057,1078,21
Булочка для хотдога штучно_batch_7,Смешивание,1058,1068,10
Сэндвич_batch_37,Расстойка,1058,1083,25
Сэндвич_batch_6,Комбинирование,1058,1079,21
Булочка для хотдога штучно_batch_2,Выпекание,1061,1083,22
Сэндвич_batch_11,Остывание,1062,1107,45
Сэндвич_batch_33,Выпекание,1062,1084,22
Сэндвич_batch_31,Остывание,1063,1108,45
Булочка для гамбургера большой с кунжутом_batch_6,Формовка,1067,1078,11
Булочка для хотдога штучно_batch_7,Формовка,1068,1079,11
Булочка для гамбургера большой с кунжутом_batch_6,Расстойка,1078,1103,25
Сэндвич_batch_16,Комбинирование,1078,1099,21
Сэндвич_batch_19,Смешивание,1078,1088,10
Булочка для хотдога штучно_batch_7,Расстойка,1079,1104,25
Сэндвич_batch_15,Комбинирование,1079,1100,21
Сэндвич_batch_6,Смешивание,1079,1089,10
Булочка для гамбургера большой с кунжутом_batch_3,Выпекание,1082,1104,22
Булочка для хотдога штучно_batch_2,Остывание,1083,1128,45
Сэндвич_batch_37,Выпекание,1083,1105,22
Сэндвич_batch_33,Остывание,1084,1129,45
Сэндвич_batch_19,Формовка,1088,1099,11
Сэндвич_batch_6,Формовка,1089,1100,11
Сэндвич_batch_1,Комбинирование,1099,1120,21
Сэндвич_batch_16,Смешивание,1099,1109,10
Сэндвич_batch_19,Расстойка,1099,1124,25
Булочка для хотдога штучно_batch_3,Комбинирование,1100,1121,21
Сэндвич_batch_15,Смешивание,1100,1110,10
Сэндвич_batch_6,Расстойка,1100,1125,25
Булочка для гамбургера большой с кунжутом_batch_6,Выпекание,1103,1125,22
Булочка для гамбургера большой с кунжутом_batch_3,Остывание,1104,1149,45
Булочка для хотдога штучно_batch_7,Выпекание,1104,1126,22
Сэндвич_batch_37,Остывание,1105,1150,45
Сэндвич_batch_16,Формовка,1109,1120,11
Сэндвич_batch_15,Формовка,1110,1121,11
Сэндвич_batch_1,Смешивание,1120,1130,10
Сэндвич_batch_16,Расстойка,1120,1145,25
Сэндвич_batch_32,Комбинирование,1120,1141,21
Булочка для хотдога штучно_batch_3,Смешивание,1121,1131,10
Сэндвич_batch_15,Расстойка,1121,1146,25
Сэндвич_batch_17,Комбинирование,1121,1142,21
Сэндвич_batch_19,Выпекание,1124,1146,22
Булочка для гамбургера большой с кунжутом_batch_6,Остывание,1125,1170,45
Сэндвич_batch_6,Выпекание,1125,1147,22
Булочка для хотдога штучно_batch_7,Остывание,1126,1171,45
Сэндвич_batch_1,Формовка,1130,1141,11
Булочка для хотдога штучно_batch_3,Формовка,1131,1142,11
Сэндвич_batch_1,Расстойка,1141,1166,25
Сэндвич_batch_27,Комбинирование,1141,1162,21
Сэндвич_batch_32,Смешивание,1141,1151,10
Булочка для гамбургера большой с кунжутом_batch_4,Комбинирование,1142,1163,21
Булочка для хотдога штучно_batch_3,Расстойка,1142,1167,25
Сэндвич_batch_17,Смешивание,1142,1152,10
Сэндвич_batch_16,Выпекание,1145,1167,22
Сэндвич_batch_15,Выпекание,1146,1168,22
Сэндвич_batch_19,Остывание,1146,1191,45
Сэндвич_batch_6,Остывание,1147,1192,45
Сэндвич_batch_32,Формовка,1151,1162,11
Сэндвич_batch_17,Формовка,1152,1163,11
Сэндвич_batch_22,Комбинирование,1162,1183,21
Сэндвич_batch_27,Смешивание,1162,1172,10
Сэндвич_batch_32,Расстойка,1162,1187,25
Булочка для гамбургера большой с кунжутом_batch_4,Смешивание,1163,1173,10
Сэндвич_batch_17,Расстойка,1163,1188,25
Сэндвич_batch_23,Комбинирование,1163,1184,21
Сэндвич_batch_1,Выпекание,1166,1188,22
Булочка для хотдога штучно_batch_3,Выпекание,1167,1189,22
Сэндвич_batch_16,Остывание,1167,1212,45
Сэндвич_batch_15,Остывание,1168,1213,45
Сэндвич_batch_27,Формовка,1172,1183,11
Булочка для гамбургера большой с кунжутом_batch_4,Формовка,1173,1184,11
Сэндвич_batch_22,Смешивание,1183,1193,10
Сэндвич_batch_27,Расстойка,1183,1208,25
Сэндвич_batch_29,Комбинирование,1183,1204,21
Булочка для гамбургера большой с кунжутом_batch_4,Расстойка,1184,1209,25
Любимый_batch_9,Комбинирование,1184,1198,14
Сэндвич_batch_23,Смешивание,1184,1194,10
Сэндвич_batch_32,Выпекание,1187,1209,22
Сэндвич_batch_1,Остывание,1188,1233,45
Сэндвич_batch_17,Выпекание,1188,1210,22
Булочка для хотдога штучно_batch_3,Остывание,1189,1234,45
Сэндвич_batch_22,Формовка,1193,1204,11
Сэндвич_batch_23,Формовка,1194,1205,11
Любимый_batch_9,Смешивание,1198,1208,10
Семейный_batch_4,Комбинирование,1198,1211,13
Батон Верный_batch_1,Комбинирование,1204,1215,11
Сэндвич_batch_22,Расстойка,1204,1229,25
Сэндвич_batch_29,Смешивание,1204,1214,10
Сэндвич_batch_23,Расстойка,1205,1230,25
Любимый_batch_9,Формовка,1208,1215,7
Сэндвич_batch_27,Выпекание,1208,1230,22
Булочка для гамбургера большой с кунжутом_batch_4,Выпекание,1209,1231,22
Сэндвич_batch_32,Остывание,1209,1254,45
Сэндвич_batch_17,Остывание,1210,1255,45
Отрубной (общий)_batch_3,Комбинирование,1211,1224,13
Семейный_batch_4,Смешивание,1211,1221,10
Сэндвич_batch_29,Формовка,1214,1225,11
Батон Верный_batch_1,Смешивание,1215,1225,10
Любимый_batch_9,Расстойка,1215,1240,25
Чиабатта_batch_1,Комбинирование,1215,1219,4
Булочка для гамбургера большой с кунжутом_batch_7,Комбинирование,1219,1234,15
Чиабатта_batch_1,Смешивание,1219,1229,10
Семейный_batch_4,Формовка,1221,1228,7
Отрубной (общий)_batch_3,Смешивание,1224,1234,10
Премиум_batch_1,Комбинирование,1224,1227,3
Батон Верный_batch_1,Формовка,1225,1231,6
Сэндвич_batch_29,Расстойка,1225,1250,25
Зерновой Столичный_batch_1,Комбинирование,1227,1231,4
Премиум_batch_1,Смешивание,1227,1237,10
Семейный_batch_4,Расстойка,1228,1253,25
Сэндвич_batch_22,Выпекание,1229,1251,22
Чиабатта_batch_1,Формовка,1229,1231,2
Сэндвич_batch_23,Выпекание,1230,1252,22
Сэндвич_batch_27,Остывание,1230,1275,45
Батон Верный_batch_1,Расстойка,1231,1256,25
Береке_batch_2,Комбинирование,1231,1242,11
Булочка для гамбургера большой с кунжутом_batch_4,Остывание,1231,1276,45
Зерновой Столичный_batch_1,Смешивание,1231,1241,10
Чиабатта_batch_1,Расстойка,1231,1256,25
Булочка для гамбургера большой с кунжутом_batch_7,Смешивание,1234,1244,10
Отрубной (общий)_batch_3,Формовка,1234,1241,7
Славянский_batch_1,Комбинирование,1234,1236,2
Сэндвич_batch_39,Комбинирование,1236,1243,7
Премиум_batch_1,Формовка,1237,1239,2
Славянский_batch_1,Смешивание,1237,1247,10
Премиум_batch_1,Расстойка,1239,1264,25
Любимый_batch_9,Выпекание,1240,1257,17
Отрубной (общий)_batch_3,Расстойка,1241,1266,25
Береке_batch_2,Смешивание,1242,1252,10
Зерновой Столичный_batch_1,Формовка,1242,1245,3
Сэндвич_batch_4,Комбинирование,1242,1263,21
Здоровье_batch_1,Комбинирование,1243,1248,5
Булочка для гамбургера большой с кунжутом_batch_7,Формовка,1244,1252,8
Сэндвич_batch_39,Смешивание,1244,1254,10
Славянский_batch_1,Формовка,1247,1248,1
Здоровье_batch_1,Смешивание,1248,1258,10
Плетенка_batch_2,Комбинирование,1248,1251,3
Славянский_batch_1,Расстойка,1248,1273,25
Зерновой Столичный_batch_1,Расстойка,1250,1275,25
Сэндвич_batch_29,Выпекание,1250,1272,22
Датский_batch_1,Комбинирование,1251,1258,7
Сэндвич_batch_22,Остывание,1251,1296,45
Береке_batch_2,Формовка,1252,1258,6
Булочка для гамбургера большой с кунжутом_batch_7,Расстойка,1252,1277,25
Плетенка_batch_2,Смешивание,1252,1262,10
Сэндвич_batch_23,Остывание,1252,1297,45
Семейный_batch_4,Выпекание,1253,1270,17
Сэндвич_batch_39,Формовка,1254,1258,4
Батон Верный_batch_1,Выпекание,1256,1273,17
Чиабатта_batch_1,Выпекание,1256,1281,25
Любимый_batch_9,Остывание,1257,1317,60
Береке_batch_2,Расстойка,1258,1278,20
Датский_batch_1,Смешивание,1258,1268,10
Домашний_batch_1,Комбинирование,1258,1261,3
Здоровье_batch_1,Формовка,1258,1261,3
Сэндвич_batch_39,Расстойка,1258,1283,25
Багет отрубной_batch_1,Комбинирование,1261,1272,11
Домашний_batch_1,Смешивание,1261,1271,10
Здоровье_batch_1,Расстойка,1261,1286,25
Плетенка_batch_2,Формовка,1262,1264,2
Сэндвич_batch_4,Смешивание,1263,1273,10
Хлеб «Тартин бездрожжевой»_batch_1,Комбинирование,1263,1267,4
Плетенка_batch_2,Расстойка,1264,1289,25
Премиум_batch_1,Выпекание,1264,1289,25
Отрубной (общий)_batch_3,Выпекание,1266,1283,17
Багет луковый_batch_1,Комбинирование,1267,1278,11
Датский_batch_1,Формовка,1268,1272,4
Хлеб «Тартин бездрожжевой»_batch_1,Смешивание,1268,1278,10
Семейный_batch_4,Остывание,1270,1330,60
Домашний_batch_1,Формовка,1271,1273,2
Багет отрубной_batch_1,Смешивание,1272,1282,10
Булочка для хотдога штучно_batch_8,Комбинирование,1272,1274,2
Датский_batch_1,Расстойка,1272,1297,25
Сэндвич_batch_29,Остывание,1272,1317,45
Батон Верный_batch_1,Остывание,1273,1333,60
Домашний_batch_1,Расстойка,1273,1298,25
Славянский_batch_1,Выпекание,1273,1290,17
Сэндвич_batch_4,Формовка,1273,1284,11
Булочка для хотдога штучно_batch_8,Смешивание,1274,1284,10
Булочка для гамбургера большой с кунжутом_batch_7,Выпекание,1277,1299,22
Багет луковый_batch_1,Смешивание,1278,1288,10
Хлеб «Тартин бездрожжевой»_batch_1,Формовка,1278,1280,2
Зерновой Столичный_batch_1,Выпекание,1280,1297,17
Хлеб «Тартин бездрожжевой»_batch_1,Расстойка,1280,1300,20
Береке_batch_2,Выпекание,1281,1297,16
Чиабатта_batch_1,Остывание,1281,1356,75
Багет отрубной_batch_1,Формовка,1282,1288,6
Отрубной (общий)_batch_3,Остывание,1283,1343,60
Сэндвич_batch_39,Выпекание,1283,1305,22
Булочка для хотдога штучно_batch_8,Формовка,1284,1285,1
Сэндвич_batch_4,Расстойка,1284,1309,25
Булочка для хотдога штучно_batch_8,Расстойка,1285,1310,25
Багет луковый_batch_1,Формовка,1288,1294,6
Багет отрубной_batch_1,Расстойка,1288,1313,25
Здоровье_batch_1,Выпекание,1289,1307,18
Премиум_batch_1,Остывание,1289,1364,75
Плетенка_batch_2,Выпекание,1290,1307,17
Славянский_batch_1,Остывание,1290,1350,60
Багет луковый_batch_1,Расстойка,1294,1314,20
Береке_batch_2,Остывание,1297,1357,60
Датский_batch_1,Выпекание,1297,1314,17
Домашний_batch_1,Выпекание,1298,1315,17
Булочка для гамбургера большой с кунжутом_batch_7,Остывание,1299,1344,45
Хлеб «Тартин бездрожжевой»_batch_1,Выпекание,1300,1316,16
Здоровье_batch_1,Остывание,1307,1367,60
Плетенка_batch_2,Остывание,1307,1367,60
Сэндвич_batch_4,Выпекание,1309,1331,22
Булочка для хотдога штучно_batch_8,Выпекание,1310,1332,22
Багет отрубной_batch_1,Выпекание,1313,1331,18
Багет луковый_batch_1,Выпекание,1314,1332,18
Датский_batch_1,Остывание,1314,1374,60
Зерновой Столичный_batch_1,Остывание,1314,1374,60
Домашний_batch_1,Остывание,1315,1375,60
Хлеб «Тартин бездрожжевой»_batch_1,Остывание,1316,1376,60
Сэндвич_batch_39,Остывание,1324,1369,45
Багет отрубной_batch_1,Остывание,1331,1376,45
Сэндвич_batch_4,Остывание,1331,1376,45
Багет луковый_batch_1,Остывание,1332,1377,45
Булочка для хотдога штучно_batch_8,Остывание,1332,1377,45
