Batch_ID,Stage,Start_Time_Min,End_Time_Min,Duration_Min
Багет новый_batch_4,Комбинирование,0,3,3
Чиабатта_batch_1,Комбинирование,0,5,5
Багет новый_batch_4,Смешивание,3,13,10
Булочка для хотдога штучно_batch_2,Комбинирование,3,24,21
Сэндвич_batch_35,Комбинирование,5,26,21
Чиабатта_batch_1,Смешивание,5,15,10
Багет новый_batch_4,Формовка,13,15,2
Багет новый_batch_4,Расстойка,15,40,25
Чиабатта_batch_1,Формовка,15,18,3
Чиабатта_batch_1,Расстойка,18,43,25
Булочка для хотдога штучно_batch_2,Смешивание,24,34,10
Формовой_batch_8,Комбинирование,24,45,21
Булочка для гамбургера большой с кунжутом_batch_6,Комбинирование,26,47,21
Сэндвич_batch_35,Смешивание,26,36,10
Булочка для хотдога штучно_batch_2,Формовка,34,45,11
Сэндвич_batch_35,Формовка,36,47,11
Багет новый_batch_4,Выпекание,40,65,25
Чиабатта_batch_1,Выпекание,43,68,25
Булочка для хотдога штучно_batch_2,Расстойка,45,70,25
Плетенка_batch_1,Комбинирование,45,66,21
Формовой_batch_8,Смешивание,45,57,12
Булочка для гамбургера большой с кунжутом_batch_6,Смешивание,47,57,10
Сэндвич_batch_35,Расстойка,47,72,25
Формовой_batch_10,Комбинирование,47,68,21
Булочка для гамбургера большой с кунжутом_batch_6,Формовка,57,68,11
Формовой_batch_8,Формовка,57,68,11
Багет новый_batch_4,Остывание,65,140,75
Багет луковый_batch_1,Комбинирование,66,78,12
Плетенка_batch_1,Смешивание,66,76,10
Булочка для гамбургера большой с кунжутом_batch_6,Расстойка,68,93,25
Формовой_batch_10,Смешивание,68,80,12
Формовой_batch_5,Комбинирование,68,89,21
Формовой_batch_8,Расстойка,68,93,25
Чиабатта_batch_1,Остывание,68,143,75
Булочка для хотдога штучно_batch_2,Выпекание,70,92,22
Сэндвич_batch_35,Выпекание,72,94,22
Плетенка_batch_1,Формовка,76,87,11
Багет луковый_batch_1,Смешивание,78,88,10
Премиум_batch_1,Комбинирование,78,81,3
Формовой_batch_10,Формовка,80,91,11
Премиум_batch_1,Смешивание,81,91,10
Формовой_batch_3,Комбинирование,81,102,21
Плетенка_batch_1,Расстойка,87,112,25
Багет луковый_batch_1,Формовка,88,95,7
Диета_batch_2,Комбинирование,89,110,21
Формовой_batch_5,Смешивание,89,101,12
Формовой_batch_10,Расстойка,91,116,25
Булочка для хотдога штучно_batch_2,Остывание,92,137,45
Булочка для гамбургера большой с кунжутом_batch_6,Выпекание,93,115,22
Формовой_batch_8,Выпекание,93,138,45
Сэндвич_batch_35,Остывание,94,139,45
Багет луковый_batch_1,Расстойка,95,115,20
Премиум_batch_1,Формовка,95,97,2
Премиум_batch_1,Расстойка,97,122,25
Формовой_batch_5,Формовка,101,112,11
Мини формовой_batch_2,Комбинирование,102,123,21
Формовой_batch_3,Смешивание,102,114,12
Диета_batch_2,Смешивание,110,120,10
Формовой_batch_7,Комбинирование,110,131,21
Плетенка_batch_1,Выпекание,112,129,17
Формовой_batch_5,Расстойка,112,137,25
Формовой_batch_3,Формовка,114,125,11
Багет луковый_batch_1,Выпекание,115,133,18
Булочка для гамбургера большой с кунжутом_batch_6,Остывание,115,160,45
Формовой_batch_10,Выпекание,116,161,45
Диета_batch_2,Формовка,120,131,11
Премиум_batch_1,Выпекание,122,147,25
Мини формовой_batch_2,Смешивание,123,135,12
Семейный_batch_3,Комбинирование,123,144,21
Формовой_batch_3,Расстойка,125,150,25
Плетенка_batch_1,Остывание,129,189,60
Диета_batch_2,Расстойка,131,169,38
Сэндвич_batch_13,Комбинирование,131,152,21
Формовой_batch_7,Смешивание,131,143,12
Багет луковый_batch_1,Остывание,133,178,45
Мини формовой_batch_2,Формовка,135,146,11
Формовой_batch_5,Выпекание,137,182,45
Формовой_batch_8,Остывание,138,228,90
Формовой_batch_7,Формовка,143,154,11
Семейный_batch_3,Смешивание,144,154,10
Сэндвич_batch_11,Комбинирование,144,165,21
Мини формовой_batch_2,Расстойка,146,171,25
Премиум_batch_1,Остывание,147,222,75
Формовой_batch_3,Выпекание,150,195,45
Сэндвич_batch_13,Смешивание,152,162,10
Формовой_batch_19,Комбинирование,152,173,21
Семейный_batch_3,Формовка,154,165,11
Формовой_batch_7,Расстойка,154,179,25
Формовой_batch_10,Остывание,161,251,90
Сэндвич_batch_13,Формовка,162,173,11
Семейный_batch_3,Расстойка,165,190,25
Сэндвич_batch_11,Смешивание,165,175,10
Формовой_batch_21,Комбинирование,165,186,21
Диета_batch_2,Выпекание,169,204,35
Мини формовой_batch_2,Выпекание,171,216,45
Бородинский_batch_2,Комбинирование,173,194,21
Сэндвич_batch_13,Расстойка,173,198,25
Формовой_batch_19,Смешивание,173,185,12
Сэндвич_batch_11,Формовка,175,186,11
Формовой_batch_7,Выпекание,179,224,45
Формовой_batch_5,Остывание,182,272,90
Формовой_batch_19,Формовка,185,196,11
Сэндвич_batch_11,Расстойка,186,211,25
Сэндвич_batch_4,Комбинирование,186,207,21
Формовой_batch_21,Смешивание,186,198,12
Семейный_batch_3,Выпекание,190,207,17
Бородинский_batch_2,Смешивание,194,204,10
Отрубной (общий)_batch_1,Комбинирование,194,215,21
Формовой_batch_3,Остывание,195,285,90
Формовой_batch_19,Расстойка,196,221,25
Сэндвич_batch_13,Выпекание,198,220,22
Формовой_batch_21,Формовка,198,209,11
Бородинский_batch_2,Формовка,204,215,11
Диета_batch_2,Остывание,204,294,90
Семейный_batch_3,Остывание,207,267,60
Сэндвич_batch_31,Комбинирование,207,228,21
Сэндвич_batch_4,Смешивание,207,217,10
Формовой_batch_21,Расстойка,209,234,25
Сэндвич_batch_11,Выпекание,211,233,22
Бородинский_batch_2,Расстойка,215,235,20
Отрубной (общий)_batch_1,Смешивание,215,225,10
Сэндвич_batch_20,Комбинирование,215,236,21
Мини формовой_batch_2,Остывание,216,306,90
Сэндвич_batch_4,Формовка,217,228,11
Сэндвич_batch_13,Остывание,220,265,45
Формовой_batch_19,Выпекание,221,266,45
Формовой_batch_7,Остывание,224,314,90
Отрубной (общий)_batch_1,Формовка,225,236,11
Сэндвич_batch_31,Смешивание,228,238,10
Сэндвич_batch_32,Комбинирование,228,249,21
Сэндвич_batch_4,Расстойка,228,253,25
Сэндвич_batch_11,Остывание,233,278,45
Формовой_batch_21,Выпекание,234,279,45
Бородинский_batch_2,Выпекание,235,290,55
Батон Нарезной_batch_1,Комбинирование,236,257,21
Отрубной (общий)_batch_1,Расстойка,236,261,25
Сэндвич_batch_20,Смешивание,236,246,10
Сэндвич_batch_31,Формовка,238,249,11
Сэндвич_batch_20,Формовка,246,257,11
Булочка для гамбургера большой с кунжутом_batch_11,Комбинирование,249,270,21
Сэндвич_batch_31,Расстойка,249,274,25
Сэндвич_batch_32,Смешивание,249,259,10
Сэндвич_batch_4,Выпекание,253,275,22
Батон Нарезной_batch_1,Смешивание,257,267,10
Мини формовой_batch_3,Комбинирование,257,278,21
Сэндвич_batch_20,Расстойка,257,282,25
Сэндвич_batch_32,Формовка,259,270,11
Отрубной (общий)_batch_1,Выпекание,261,278,17
Формовой_batch_19,Остывание,266,356,90
Батон Нарезной_batch_1,Формовка,267,278,11
Булочка для гамбургера большой с кунжутом_batch_11,Смешивание,270,280,10
Сэндвич_batch_2,Комбинирование,270,291,21
Сэндвич_batch_32,Расстойка,270,295,25
Сэндвич_batch_31,Выпекание,274,296,22
Сэндвич_batch_4,Остывание,275,320,45
Батон Нарезной_batch_1,Расстойка,278,303,25
Булочка для хотдога штучно_batch_7,Комбинирование,278,296,18
Мини формовой_batch_3,Смешивание,278,290,12
Отрубной (общий)_batch_1,Остывание,278,338,60
Формовой_batch_21,Остывание,279,369,90
Булочка для гамбургера большой с кунжутом_batch_11,Формовка,280,291,11
Сэндвич_batch_20,Выпекание,282,304,22
Бородинский_batch_2,Остывание,290,410,120
Мини формовой_batch_3,Формовка,290,301,11
Булочка для гамбургера большой с кунжутом_batch_11,Расстойка,291,316,25
Любимый_batch_6,Комбинирование,291,312,21
Сэндвич_batch_2,Смешивание,291,301,10
Сэндвич_batch_32,Выпекание,295,317,22
Булочка для хотдога штучно_batch_7,Смешивание,296,306,10
Сэндвич_batch_31,Остывание,296,341,45
Сэндвич_batch_37,Комбинирование,296,300,4
Жайлы_batch_1,Комбинирование,300,321,21
Мини формовой_batch_3,Расстойка,301,326,25
Сэндвич_batch_2,Формовка,301,312,11
Сэндвич_batch_37,Смешивание,301,311,10
Батон Нарезной_batch_1,Выпекание,303,320,17
Сэндвич_batch_20,Остывание,304,349,45
Булочка для хотдога штучно_batch_7,Формовка,306,316,10
Булочка для гамбургера большой с кунжутом_batch_3,Комбинирование,312,333,21
Любимый_batch_6,Смешивание,312,322,10
Сэндвич_batch_2,Расстойка,312,337,25
Булочка для гамбургера большой с кунжутом_batch_11,Выпекание,316,338,22
Булочка для хотдога штучно_batch_7,Расстойка,316,341,25
Сэндвич_batch_37,Формовка,316,318,2
Сэндвич_batch_32,Остывание,317,362,45
Сэндвич_batch_37,Расстойка,318,343,25
Батон Нарезной_batch_1,Остывание,320,380,60
Жайлы_batch_1,Смешивание,321,331,10
Формовой_batch_15,Комбинирование,321,342,21
Любимый_batch_6,Формовка,322,333,11
Мини формовой_batch_3,Выпекание,326,371,45
Жайлы_batch_1,Формовка,331,342,11
Булочка для гамбургера большой с кунжутом_batch_3,Смешивание,333,343,10
Булочка для хотдога штучно_batch_4,Комбинирование,333,354,21
Любимый_batch_6,Расстойка,333,358,25
Сэндвич_batch_2,Выпекание,337,359,22
Булочка для гамбургера большой с кунжутом_batch_11,Остывание,338,383,45
Булочка для хотдога штучно_batch_7,Выпекание,341,363,22
Жайлы_batch_1,Расстойка,342,367,25
Сэндвич_batch_14,Комбинирование,342,363,21
Формовой_batch_15,Смешивание,342,354,12
Булочка для гамбургера большой с кунжутом_batch_3,Формовка,343,354,11
Сэндвич_batch_37,Выпекание,343,365,22
Булочка для гамбургера большой с кунжутом_batch_3,Расстойка,354,379,25
Булочка для хотдога штучно_batch_4,Смешивание,354,364,10
Сэндвич_batch_27,Комбинирование,354,375,21
Формовой_batch_15,Формовка,354,365,11
Любимый_batch_6,Выпекание,358,375,17
Сэндвич_batch_2,Остывание,359,404,45
Булочка для хотдога штучно_batch_7,Остывание,363,408,45
Любимый_batch_10,Комбинирование,363,374,11
Сэндвич_batch_14,Смешивание,363,373,10
Булочка для хотдога штучно_batch_4,Формовка,364,375,11
Сэндвич_batch_37,Остывание,365,410,45
Формовой_batch_15,Расстойка,365,390,25
Жайлы_batch_1,Выпекание,367,384,17
Мини формовой_batch_3,Остывание,371,461,90
Сэндвич_batch_14,Формовка,373,384,11
Батон Нарезной_batch_5,Комбинирование,374,375,1
Любимый_batch_10,Смешивание,374,384,10
Батон Нарезной_batch_5,Смешивание,375,385,10
Булочка для гамбургера большой с кунжутом_batch_1,Комбинирование,375,396,21
Булочка для хотдога штучно_batch_4,Расстойка,375,400,25
Булочка для хотдога штучно_batch_5,Комбинирование,375,396,21
Любимый_batch_6,Остывание,375,435,60
Сэндвич_batch_27,Смешивание,375,385,10
Булочка для гамбургера большой с кунжутом_batch_3,Выпекание,379,401,22
Жайлы_batch_1,Остывание,384,444,60
Любимый_batch_10,Формовка,384,390,6
Сэндвич_batch_14,Расстойка,384,409,25
Сэндвич_batch_27,Формовка,385,396,11
Батон Нарезной_batch_5,Формовка,390,391,1
Любимый_batch_10,Расстойка,390,415,25
Формовой_batch_15,Выпекание,390,435,45
Батон Нарезной_batch_5,Расстойка,391,416,25
Булочка для гамбургера большой с кунжутом_batch_1,Смешивание,396,406,10
Булочка для гамбургера большой с кунжутом_batch_10,Комбинирование,396,417,21
Булочка для хотдога штучно_batch_5,Смешивание,396,406,10
Сэндвич_batch_27,Расстойка,396,421,25
Формовой_batch_25,Комбинирование,396,406,10
Булочка для хотдога штучно_batch_4,Выпекание,400,422,22
Булочка для гамбургера большой с кунжутом_batch_3,Остывание,401,446,45
Булочка для гамбургера большой с кунжутом_batch_1,Формовка,406,417,11
Булочка для гамбургера большой с кунжутом_batch_4,Комбинирование,406,427,21
Булочка для хотдога штучно_batch_5,Формовка,406,417,11
Формовой_batch_25,Смешивание,406,418,12
Сэндвич_batch_14,Выпекание,409,431,22
Любимый_batch_10,Выпекание,415,432,17
Батон Нарезной_batch_5,Выпекание,416,433,17
Булочка для гамбургера большой с кунжутом_batch_1,Расстойка,417,442,25
Булочка для гамбургера большой с кунжутом_batch_10,Смешивание,417,427,10
Булочка для хотдога штучно_batch_5,Расстойка,417,442,25
Сэндвич_batch_3,Комбинирование,417,438,21
Формовой_batch_25,Формовка,418,424,6
Сэндвич_batch_27,Выпекание,421,443,22
Булочка для хотдога штучно_batch_4,Остывание,422,467,45
Формовой_batch_25,Расстойка,424,449,25
Булочка для гамбургера большой с кунжутом_batch_10,Формовка,427,438,11
Булочка для гамбургера большой с кунжутом_batch_4,Смешивание,427,437,10
Сэндвич_batch_7,Комбинирование,427,448,21
Сэндвич_batch_14,Остывание,431,476,45
Любимый_batch_10,Остывание,432,492,60
Батон Нарезной_batch_5,Остывание,433,493,60
Формовой_batch_15,Остывание,435,525,90
Булочка для гамбургера большой с кунжутом_batch_4,Формовка,437,448,11
Булочка для гамбургера большой с кунжутом_batch_10,Расстойка,438,463,25
Сэндвич_batch_3,Смешивание,438,448,10
Формовой_batch_2,Комбинирование,438,459,21
Булочка для гамбургера большой с кунжутом_batch_1,Выпекание,442,464,22
Булочка для хотдога штучно_batch_5,Выпекание,442,464,22
Сэндвич_batch_27,Остывание,443,488,45
Бородинский_batch_3,Комбинирование,448,469,21
Булочка для гамбургера большой с кунжутом_batch_4,Расстойка,448,473,25
Сэндвич_batch_3,Формовка,448,459,11
Сэндвич_batch_7,Смешивание,448,458,10
Формовой_batch_25,Выпекание,449,494,45
Сэндвич_batch_7,Формовка,458,469,11
Бородинский_batch_4,Комбинирование,459,480,21
Сэндвич_batch_3,Расстойка,459,484,25
Формовой_batch_2,Смешивание,459,471,12
Булочка для гамбургера большой с кунжутом_batch_10,Выпекание,463,485,22
Булочка для гамбургера большой с кунжутом_batch_1,Остывание,464,509,45
Булочка для хотдога штучно_batch_5,Остывание,464,509,45
Бородинский_batch_3,Смешивание,469,479,10
Сэндвич_batch_5,Комбинирование,469,490,21
Сэндвич_batch_7,Расстойка,469,494,25
Формовой_batch_2,Формовка,471,482,11
Булочка для гамбургера большой с кунжутом_batch_4,Выпекание,473,495,22
Бородинский_batch_3,Формовка,479,490,11
Бородинский_batch_4,Смешивание,480,490,10
Булочка для гамбургера большой с кунжутом_batch_12,Комбинирование,480,501,21
Формовой_batch_2,Расстойка,482,507,25
Сэндвич_batch_3,Выпекание,484,506,22
Булочка для гамбургера большой с кунжутом_batch_10,Остывание,485,530,45
Бородинский_batch_3,Расстойка,490,510,20
Бородинский_batch_4,Формовка,490,501,11
Сэндвич_batch_5,Смешивание,490,500,10
Формовой_batch_22,Комбинирование,490,511,21
Сэндвич_batch_7,Выпекание,494,516,22
Формовой_batch_25,Остывание,494,584,90
Булочка для гамбургера большой с кунжутом_batch_4,Остывание,495,540,45
Сэндвич_batch_5,Формовка,500,511,11
Багет отрубной_batch_1,Комбинирование,501,517,16
Бородинский_batch_4,Расстойка,501,521,20
Булочка для гамбургера большой с кунжутом_batch_12,Смешивание,501,511,10
Сэндвич_batch_3,Остывание,506,551,45
Формовой_batch_2,Выпекание,507,552,45
Бородинский_batch_3,Выпекание,510,565,55
Булочка для гамбургера большой с кунжутом_batch_12,Формовка,511,522,11
Булочка для гамбургера большой с кунжутом_batch_13,Комбинирование,511,532,21
Сэндвич_batch_5,Расстойка,511,536,25
Формовой_batch_22,Смешивание,511,523,12
Сэндвич_batch_7,Остывание,516,561,45
Багет отрубной_batch_1,Смешивание,517,527,10
Немецкий хлеб_batch_1,Комбинирование,517,520,3
Зерновой Столичный_batch_1,Комбинирование,520,525,5
Бородинский_batch_4,Выпекание,521,576,55
Булочка для гамбургера большой с кунжутом_batch_12,Расстойка,522,547,25
Немецкий хлеб_batch_1,Смешивание,523,533,10
Формовой_batch_22,Формовка,523,534,11
Семейный_batch_4,Комбинирование,525,544,19
Багет отрубной_batch_1,Формовка,527,535,8
Зерновой Столичный_batch_1,Смешивание,527,537,10
Булочка для гамбургера большой с кунжутом_batch_13,Смешивание,532,542,10
Сэндвич_batch_17,Комбинирование,532,553,21
Формовой_batch_22,Расстойка,534,559,25
Багет отрубной_batch_1,Расстойка,535,560,25
Немецкий хлеб_batch_1,Формовка,535,537,2
Сэндвич_batch_5,Выпекание,536,558,22
Зерновой Столичный_batch_1,Формовка,537,540,3
Немецкий хлеб_batch_1,Расстойка,537,562,25
Зерновой Столичный_batch_1,Расстойка,540,565,25
Булочка для гамбургера большой с кунжутом_batch_13,Формовка,542,553,11
Багет новый_batch_1,Комбинирование,544,565,21
Семейный_batch_4,Смешивание,544,554,10
Булочка для гамбургера большой с кунжутом_batch_12,Выпекание,547,569,22
Формовой_batch_2,Остывание,552,642,90
Батон Нарезной_batch_2,Комбинирование,553,574,21
Булочка для гамбургера большой с кунжутом_batch_13,Расстойка,553,578,25
Сэндвич_batch_17,Смешивание,553,563,10
Семейный_batch_4,Формовка,554,564,10
Сэндвич_batch_5,Остывание,558,603,45
Формовой_batch_22,Выпекание,559,604,45
Багет отрубной_batch_1,Выпекание,560,578,18
Сэндвич_batch_17,Формовка,563,574,11
Семейный_batch_4,Расстойка,564,589,25
Багет новый_batch_1,Смешивание,565,575,10
Бородинский_batch_3,Остывание,565,685,120
Немецкий хлеб_batch_1,Выпекание,565,590,25
Формовой_batch_17,Комбинирование,565,586,21
Булочка для гамбургера большой с кунжутом_batch_12,Остывание,569,614,45
Зерновой Столичный_batch_1,Выпекание,569,586,17
Батон Нарезной_batch_2,Смешивание,574,584,10
Бородинский_batch_5,Комбинирование,574,595,21
Сэндвич_batch_17,Расстойка,574,599,25
Багет новый_batch_1,Формовка,575,586,11
Бородинский_batch_4,Остывание,576,696,120
Багет отрубной_batch_1,Остывание,578,623,45
Булочка для гамбургера большой с кунжутом_batch_13,Выпекание,578,600,22
Батон Нарезной_batch_2,Формовка,584,595,11
Багет новый_batch_1,Расстойка,586,611,25
Зерновой Столичный_batch_1,Остывание,586,646,60
Сэндвич_batch_29,Комбинирование,586,607,21
Формовой_batch_17,Смешивание,586,598,12
Семейный_batch_4,Выпекание,589,606,17
Немецкий хлеб_batch_1,Остывание,590,665,75
Батон Нарезной_batch_2,Расстойка,595,620,25
Бородинский_batch_5,Смешивание,595,605,10
Формовой_batch_9,Комбинирование,595,616,21
Формовой_batch_17,Формовка,598,609,11
Сэндвич_batch_17,Выпекание,599,621,22
Булочка для гамбургера большой с кунжутом_batch_13,Остывание,600,645,45
Формовой_batch_22,Остывание,604,694,90
Бородинский_batch_5,Формовка,605,616,11
Семейный_batch_4,Остывание,606,666,60
Семейный_batch_1,Комбинирование,607,628,21
Сэндвич_batch_29,Смешивание,607,617,10
Формовой_batch_17,Расстойка,609,634,25
Багет новый_batch_1,Выпекание,611,636,25
Бородинский_batch_5,Расстойка,616,636,20
Формовой_batch_14,Комбинирование,616,637,21
Формовой_batch_9,Смешивание,616,628,12
Сэндвич_batch_29,Формовка,617,628,11
Батон Нарезной_batch_2,Выпекание,620,637,17
Сэндвич_batch_17,Остывание,621,666,45
Семейный_batch_1,Смешивание,628,638,10
Сэндвич_batch_12,Комбинирование,628,649,21
Сэндвич_batch_29,Расстойка,628,653,25
Формовой_batch_9,Формовка,628,639,11
Формовой_batch_17,Выпекание,634,679,45
Багет новый_batch_1,Остывание,636,711,75
Бородинский_batch_5,Выпекание,636,691,55
Батон Нарезной_batch_2,Остывание,637,697,60
Булочка для гамбургера большой с кунжутом_batch_2,Комбинирование,637,658,21
Формовой_batch_14,Смешивание,637,649,12
Семейный_batch_1,Формовка,638,649,11
Формовой_batch_9,Расстойка,639,664,25
Семейный_batch_1,Расстойка,649,674,25
Сэндвич_batch_12,Смешивание,649,659,10
Формовой_batch_14,Формовка,649,660,11
Хлеб «Зерновой»_batch_1,Комбинирование,649,670,21
Сэндвич_batch_29,Выпекание,653,675,22
Булочка для гамбургера большой с кунжутом_batch_14,Комбинирование,658,679,21
Булочка для гамбургера большой с кунжутом_batch_2,Смешивание,658,668,10
Сэндвич_batch_12,Формовка,659,670,11
Формовой_batch_14,Расстойка,660,685,25
Формовой_batch_9,Выпекание,664,709,45
Булочка для гамбургера большой с кунжутом_batch_2,Формовка,668,679,11
Любимый_batch_7,Комбинирование,670,691,21
Сэндвич_batch_12,Расстойка,670,695,25
Хлеб «Зерновой»_batch_1,Смешивание,670,680,10
Семейный_batch_1,Выпекание,674,691,17
Сэндвич_batch_29,Остывание,675,720,45
Булочка для гамбургера большой с кунжутом_batch_14,Смешивание,679,689,10
Булочка для гамбургера большой с кунжутом_batch_2,Расстойка,679,704,25
Сэндвич_batch_1,Комбинирование,679,700,21
Формовой_batch_17,Остывание,679,769,90
Хлеб «Зерновой»_batch_1,Формовка,680,691,11
Формовой_batch_14,Выпекание,685,730,45
Булочка для гамбургера большой с кунжутом_batch_14,Формовка,689,700,11
Бородинский_batch_5,Остывание,691,811,120
Любимый_batch_7,Смешивание,691,701,10
Семейный_batch_1,Остывание,691,751,60
Сэндвич_batch_21,Комбинирование,691,712,21
Хлеб «Зерновой»_batch_1,Расстойка,691,716,25
Сэндвич_batch_12,Выпекание,695,717,22
Булочка для гамбургера большой с кунжутом_batch_14,Расстойка,700,725,25
Сэндвич_batch_1,Смешивание,700,710,10
Сэндвич_batch_18,Комбинирование,700,721,21
Любимый_batch_7,Формовка,701,712,11
Булочка для гамбургера большой с кунжутом_batch_2,Выпекание,704,726,22
Формовой_batch_9,Остывание,709,799,90
Сэндвич_batch_1,Формовка,710,721,11
Любимый_batch_7,Расстойка,712,737,25
Сэндвич_batch_21,Смешивание,712,722,10
Формовой_batch_20,Комбинирование,712,733,21
Хлеб «Зерновой»_batch_1,Выпекание,716,741,25
Сэндвич_batch_12,Остывание,717,762,45
Сэндвич_batch_1,Расстойка,721,746,25
Сэндвич_batch_18,Смешивание,721,731,10
Сэндвич_batch_19,Комбинирование,721,742,21
Сэндвич_batch_21,Формовка,722,733,11
Булочка для гамбургера большой с кунжутом_batch_14,Выпекание,725,747,22
Булочка для гамбургера большой с кунжутом_batch_2,Остывание,726,771,45
Формовой_batch_14,Остывание,730,820,90
Сэндвич_batch_18,Формовка,731,742,11
Сэндвич_batch_21,Расстойка,733,758,25
Сэндвич_batch_9,Комбинирование,733,754,21
Формовой_batch_20,Смешивание,733,745,12
Любимый_batch_7,Выпекание,737,754,17
Хлеб «Зерновой»_batch_1,Остывание,741,816,75
Диета_batch_4,Комбинирование,742,758,16
Сэндвич_batch_18,Расстойка,742,767,25
Сэндвич_batch_19,Смешивание,742,752,10
Формовой_batch_20,Формовка,745,756,11
Сэндвич_batch_1,Выпекание,746,768,22
Булочка для гамбургера большой с кунжутом_batch_14,Остывание,747,792,45
Сэндвич_batch_19,Формовка,752,763,11
Любимый_batch_3,Комбинирование,754,775,21
Любимый_batch_7,Остывание,754,814,60
Сэндвич_batch_9,Смешивание,754,764,10
Формовой_batch_20,Расстойка,756,781,25
Диета_batch_4,Смешивание,758,768,10
Сэндвич_batch_21,Выпекание,758,780,22
Формовой_batch_12,Комбинирование,758,779,21
Сэндвич_batch_19,Расстойка,763,788,25
Сэндвич_batch_9,Формовка,764,775,11
Сэндвич_batch_18,Выпекание,767,789,22
Диета_batch_4,Формовка,768,777,9
Сэндвич_batch_1,Остывание,768,813,45
Любимый_batch_3,Смешивание,775,785,10
Сэндвич_batch_33,Комбинирование,775,796,21
Сэндвич_batch_9,Расстойка,775,800,25
Диета_batch_4,Расстойка,777,815,38
Сэндвич_batch_25,Комбинирование,779,800,21
Формовой_batch_12,Смешивание,779,791,12
Сэндвич_batch_21,Остывание,780,825,45
Формовой_batch_20,Выпекание,781,826,45
Любимый_batch_3,Формовка,785,796,11
Сэндвич_batch_19,Выпекание,788,810,22
Сэндвич_batch_18,Остывание,789,834,45
Формовой_batch_12,Формовка,791,802,11
Любимый_batch_3,Расстойка,796,821,25
Сэндвич_batch_10,Комбинирование,796,817,21
Сэндвич_batch_33,Смешивание,796,806,10
Булочка для хотдога штучно_batch_6,Комбинирование,800,821,21
Сэндвич_batch_25,Смешивание,800,810,10
Сэндвич_batch_9,Выпекание,800,822,22
Формовой_batch_12,Расстойка,802,827,25
Сэндвич_batch_33,Формовка,806,817,11
Сэндвич_batch_19,Остывание,810,855,45
Сэндвич_batch_25,Формовка,810,821,11
Диета_batch_4,Выпекание,815,850,35
Булочка для хотдога штучно_batch_3,Комбинирование,817,838,21
Сэндвич_batch_10,Смешивание,817,827,10
Сэндвич_batch_33,Расстойка,817,842,25
Булочка для хотдога штучно_batch_6,Смешивание,821,831,10
Любимый_batch_3,Выпекание,821,838,17
Сэндвич_batch_25,Расстойка,821,846,25
Формовой_batch_4,Комбинирование,821,842,21
Сэндвич_batch_9,Остывание,822,867,45
Формовой_batch_20,Остывание,826,916,90
Сэндвич_batch_10,Формовка,827,838,11
Формовой_batch_12,Выпекание,827,872,45
Булочка для хотдога штучно_batch_6,Формовка,831,842,11
Булочка для хотдога штучно_batch_3,Смешивание,838,848,10
Любимый_batch_3,Остывание,838,898,60
Сэндвич_batch_10,Расстойка,838,863,25
Формовой_batch_6,Комбинирование,838,859,21
Булочка для гамбургера большой с кунжутом_batch_15,Комбинирование,842,863,21
Булочка для хотдога штучно_batch_6,Расстойка,842,867,25
Сэндвич_batch_33,Выпекание,842,864,22
Формовой_batch_4,Смешивание,842,854,12
Сэндвич_batch_25,Выпекание,846,868,22
Булочка для хотдога штучно_batch_3,Формовка,848,859,11
Диета_batch_4,Остывание,850,940,90
Формовой_batch_4,Формовка,854,865,11
Батон Нарезной_batch_3,Комбинирование,859,880,21
Булочка для хотдога штучно_batch_3,Расстойка,859,884,25
Формовой_batch_6,Смешивание,859,871,12
Булочка для гамбургера большой с кунжутом_batch_15,Смешивание,863,873,10
Диета_batch_3,Комбинирование,863,884,21
Сэндвич_batch_10,Выпекание,863,885,22
Сэндвич_batch_33,Остывание,864,909,45
Формовой_batch_4,Расстойка,865,890,25
Булочка для хотдога штучно_batch_6,Выпекание,867,889,22
Сэндвич_batch_25,Остывание,868,913,45
Формовой_batch_6,Формовка,871,882,11
Формовой_batch_12,Остывание,872,962,90
Булочка для гамбургера большой с кунжутом_batch_15,Формовка,873,884,11
Батон Нарезной_batch_3,Смешивание,880,890,10
Любимый_batch_8,Комбинирование,880,901,21
Формовой_batch_6,Расстойка,882,907,25
Батон Верный_batch_1,Комбинирование,884,893,9
Булочка для гамбургера большой с кунжутом_batch_15,Расстойка,884,909,25
Булочка для хотдога штучно_batch_3,Выпекание,884,906,22
Диета_batch_3,Смешивание,884,894,10
Сэндвич_batch_10,Остывание,885,930,45
Булочка для хотдога штучно_batch_6,Остывание,889,934,45
Батон Нарезной_batch_3,Формовка,890,901,11
Формовой_batch_4,Выпекание,890,935,45
Батон Верный_batch_1,Смешивание,893,903,10
Булочка для гамбургера большой с кунжутом_batch_16,Комбинирование,893,898,5
Диета_batch_3,Формовка,894,905,11
Булочка для гамбургера большой с кунжутом_batch_16,Смешивание,898,908,10
Здоровье_batch_1,Комбинирование,898,901,3
Батон Нарезной_batch_3,Расстойка,901,926,25
Любимый_batch_8,Смешивание,901,911,10
Формовой_batch_1,Комбинирование,901,922,21
Формовой_batch_24,Комбинирование,901,922,21
Здоровье_batch_1,Смешивание,903,913,10
Батон Верный_batch_1,Формовка,905,910,5
Диета_batch_3,Расстойка,905,943,38
Булочка для хотдога штучно_batch_3,Остывание,906,951,45
Формовой_batch_6,Выпекание,907,952,45
Булочка для гамбургера большой с кунжутом_batch_15,Выпекание,909,931,22
Батон Верный_batch_1,Расстойка,910,935,25
Булочка для гамбургера большой с кунжутом_batch_16,Формовка,910,913,3
Любимый_batch_8,Формовка,911,922,11
Булочка для гамбургера большой с кунжутом_batch_16,Расстойка,913,938,25
Здоровье_batch_1,Формовка,913,915,2
Здоровье_batch_1,Расстойка,915,940,25
Любимый_batch_1,Комбинирование,922,943,21
Любимый_batch_8,Расстойка,922,947,25
Сэндвич_batch_30,Комбинирование,922,943,21
Формовой_batch_1,Смешивание,922,934,12
Формовой_batch_24,Смешивание,922,934,12
Батон Нарезной_batch_3,Выпекание,926,943,17
Булочка для гамбургера большой с кунжутом_batch_15,Остывание,931,976,45
Формовой_batch_1,Формовка,934,945,11
Формовой_batch_24,Формовка,934,945,11
Батон Верный_batch_1,Выпекание,935,952,17
Формовой_batch_4,Остывание,935,1025,90
Булочка для гамбургера большой с кунжутом_batch_16,Выпекание,938,960,22
Батон Нарезной_batch_3,Остывание,943,1003,60
Диета_batch_3,Выпекание,943,978,35
Здоровье_batch_1,Выпекание,943,961,18
Любимый_batch_1,Смешивание,943,953,10
Семейный_batch_2,Комбинирование,943,964,21
Сэндвич_batch_30,Смешивание,943,953,10
Формовой_batch_13,Комбинирование,943,964,21
Формовой_batch_1,Расстойка,945,970,25
Формовой_batch_24,Расстойка,945,970,25
Любимый_batch_8,Выпекание,947,964,17
Батон Верный_batch_1,Остывание,952,1012,60
Формовой_batch_6,Остывание,952,1042,90
Любимый_batch_1,Формовка,953,964,11
Сэндвич_batch_30,Формовка,953,964,11
Булочка для гамбургера большой с кунжутом_batch_16,Остывание,960,1005,45
Здоровье_batch_1,Остывание,961,1021,60
Булочка для хотдога штучно_batch_1,Комбинирование,964,985,21
Любимый_batch_1,Расстойка,964,989,25
Любимый_batch_8,Остывание,964,1024,60
Семейный_batch_2,Смешивание,964,974,10
Сэндвич_batch_15,Комбинирование,964,985,21
Сэндвич_batch_30,Расстойка,964,989,25
Формовой_batch_13,Смешивание,964,976,12
Формовой_batch_1,Выпекание,970,1015,45
Формовой_batch_24,Выпекание,970,1015,45
Семейный_batch_2,Формовка,974,985,11
Формовой_batch_13,Формовка,976,987,11
Диета_batch_3,Остывание,978,1068,90
Береке_batch_1,Комбинирование,985,1006,21
Булочка для хотдога штучно_batch_1,Смешивание,985,995,10
Семейный_batch_2,Расстойка,985,1010,25
Сэндвич_batch_15,Смешивание,985,995,10
Сэндвич_batch_23,Комбинирование,985,1006,21
Формовой_batch_13,Расстойка,987,1012,25
Любимый_batch_1,Выпекание,989,1006,17
Сэндвич_batch_30,Выпекание,989,1011,22
Булочка для хотдога штучно_batch_1,Формовка,995,1006,11
Сэндвич_batch_15,Формовка,995,1006,11
Береке_batch_1,Смешивание,1006,1016,10
Береке_batch_2,Комбинирование,1006,1024,18
Булочка для хотдога штучно_batch_1,Расстойка,1006,1031,25
Любимый_batch_1,Остывание,1006,1066,60
Мини формовой_batch_1,Комбинирование,1006,1027,21
Сэндвич_batch_15,Расстойка,1006,1031,25
Сэндвич_batch_23,Смешивание,1006,1016,10
Семейный_batch_2,Выпекание,1010,1027,17
Сэндвич_batch_30,Остывание,1011,1056,45
Формовой_batch_13,Выпекание,1012,1057,45
Формовой_batch_1,Остывание,1015,1105,90
Формовой_batch_24,Остывание,1015,1105,90
Береке_batch_1,Формовка,1016,1027,11
Сэндвич_batch_23,Формовка,1016,1027,11
Баварский Деревенский Ржаной_batch_1,Комбинирование,1024,1027,3
Береке_batch_2,Смешивание,1024,1034,10
Баварский Деревенский Ржаной_batch_1,Смешивание,1027,1037,10
Береке_batch_1,Расстойка,1027,1047,20
Мини формовой_batch_1,Смешивание,1027,1039,12
Семейный_batch_2,Остывание,1027,1087,60
Сэндвич_batch_23,Расстойка,1027,1052,25
Сэндвич_batch_34,Комбинирование,1027,1048,21
Формовой_batch_16,Комбинирование,1027,1048,21
Булочка для хотдога штучно_batch_1,Выпекание,1031,1053,22
Сэндвич_batch_15,Выпекание,1031,1053,22
Береке_batch_2,Формовка,1034,1043,9
Мини формовой_batch_1,Формовка,1039,1050,11
Баварский Деревенский Ржаной_batch_1,Формовка,1043,1045,2
Береке_batch_2,Расстойка,1043,1063,20
Баварский Деревенский Ржаной_batch_1,Расстойка,1045,1075,30
Береке_batch_1,Выпекание,1047,1063,16
Любимый_batch_2,Комбинирование,1048,1069,21
Сэндвич_batch_28,Комбинирование,1048,1069,21
Сэндвич_batch_34,Смешивание,1048,1058,10
Формовой_batch_16,Смешивание,1048,1060,12
Мини формовой_batch_1,Расстойка,1050,1075,25
Сэндвич_batch_23,Выпекание,1052,1074,22
Булочка для хотдога штучно_batch_1,Остывание,1053,1098,45
Сэндвич_batch_15,Остывание,1053,1098,45
Формовой_batch_13,Остывание,1057,1147,90
Сэндвич_batch_34,Формовка,1058,1069,11
Формовой_batch_16,Формовка,1060,1071,11
Береке_batch_1,Остывание,1063,1123,60
Береке_batch_2,Выпекание,1063,1079,16
Диета_batch_1,Комбинирование,1069,1090,21
Любимый_batch_2,Смешивание,1069,1079,10
Сэндвич_batch_28,Смешивание,1069,1079,10
Сэндвич_batch_34,Расстойка,1069,1094,25
Сэндвич_batch_8,Комбинирование,1069,1090,21
Формовой_batch_16,Расстойка,1071,1096,25
Сэндвич_batch_23,Остывание,1074,1119,45
Баварский Деревенский Ржаной_batch_1,Выпекание,1075,1093,18
Мини формовой_batch_1,Выпекание,1075,1120,45
Береке_batch_2,Остывание,1079,1139,60
Любимый_batch_2,Формовка,1079,1090,11
Сэндвич_batch_28,Формовка,1079,1090,11
Диета_batch_1,Смешивание,1090,1100,10
Любимый_batch_2,Расстойка,1090,1115,25
Сэндвич_batch_28,Расстойка,1090,1115,25
Сэндвич_batch_6,Комбинирование,1090,1111,21
Сэндвич_batch_8,Смешивание,1090,1100,10
Хлеб «Зерновой»_batch_2,Комбинирование,1090,1106,16
Баварский Деревенский Ржаной_batch_1,Остывание,1093,1183,90
Сэндвич_batch_34,Выпекание,1094,1116,22
Формовой_batch_16,Выпекание,1096,1141,45
Диета_batch_1,Формовка,1100,1111,11
Сэндвич_batch_8,Формовка,1100,1111,11
Сэндвич_batch_22,Комбинирование,1106,1127,21
Хлеб «Зерновой»_batch_2,Смешивание,1106,1116,10
Булочка для гамбургера большой с кунжутом_batch_5,Комбинирование,1111,1132,21
Диета_batch_1,Расстойка,1111,1149,38
Сэндвич_batch_6,Смешивание,1111,1121,10
Сэндвич_batch_8,Расстойка,1111,1136,25
Любимый_batch_2,Выпекание,1115,1132,17
Сэндвич_batch_28,Выпекание,1115,1137,22
Сэндвич_batch_34,Остывание,1116,1161,45
Хлеб «Зерновой»_batch_2,Формовка,1116,1125,9
Мини формовой_batch_1,Остывание,1120,1210,90
Сэндвич_batch_6,Формовка,1121,1132,11
Хлеб «Зерновой»_batch_2,Расстойка,1125,1150,25
Багет новый_batch_3,Комбинирование,1127,1148,21
Сэндвич_batch_22,Смешивание,1127,1137,10
Булочка для гамбургера большой с кунжутом_batch_5,Смешивание,1132,1142,10
Любимый_batch_2,Остывание,1132,1192,60
Сэндвич_batch_6,Расстойка,1132,1157,25
Формовой_batch_11,Комбинирование,1132,1153,21
Сэндвич_batch_8,Выпекание,1136,1158,22
Сэндвич_batch_22,Формовка,1137,1148,11
Сэндвич_batch_28,Остывание,1137,1182,45
Формовой_batch_16,Остывание,1141,1231,90
Булочка для гамбургера большой с кунжутом_batch_5,Формовка,1142,1153,11
Багет новый_batch_3,Смешивание,1148,1158,10
Любимый_batch_4,Комбинирование,1148,1169,21
Сэндвич_batch_22,Расстойка,1148,1173,25
Диета_batch_1,Выпекание,1149,1184,35
Хлеб «Зерновой»_batch_2,Выпекание,1150,1175,25
Булочка для гамбургера большой с кунжутом_batch_5,Расстойка,1153,1178,25
Отрубной (общий)_batch_3,Комбинирование,1153,1173,20
Формовой_batch_11,Смешивание,1153,1165,12
Сэндвич_batch_6,Выпекание,1157,1179,22
Багет новый_batch_3,Формовка,1158,1169,11
Сэндвич_batch_8,Остывание,1158,1203,45
Формовой_batch_11,Формовка,1165,1176,11
Багет новый_batch_3,Расстойка,1169,1194,25
Любимый_batch_4,Смешивание,1169,1179,10
Плетенка_batch_2,Комбинирование,1169,1180,11
Отрубной (общий)_batch_3,Смешивание,1173,1183,10
Сэндвич_batch_22,Выпекание,1173,1195,22
Формовой_batch_23,Комбинирование,1173,1194,21
Хлеб «Зерновой»_batch_2,Остывание,1175,1250,75
Формовой_batch_11,Расстойка,1176,1201,25
Булочка для гамбургера большой с кунжутом_batch_5,Выпекание,1178,1200,22
Любимый_batch_4,Формовка,1179,1190,11
Сэндвич_batch_6,Остывание,1179,1224,45
Плетенка_batch_2,Смешивание,1180,1190,10
Хлеб «Тартин бездрожжевой»_batch_1,Комбинирование,1180,1183,3
Домашний_batch_1,Комбинирование,1183,1186,3
Отрубной (общий)_batch_3,Формовка,1183,1194,11
Хлеб «Тартин бездрожжевой»_batch_1,Смешивание,1183,1193,10
Диета_batch_1,Остывание,1184,1274,90
Датский_batch_1,Комбинирование,1186,1193,7
Домашний_batch_1,Смешивание,1190,1200,10
Любимый_batch_4,Расстойка,1190,1215,25
Плетенка_batch_2,Формовка,1190,1196,6
Датский_batch_1,Смешивание,1193,1203,10
Славянский_batch_1,Комбинирование,1193,1195,2
Багет новый_batch_3,Выпекание,1194,1219,25
Батон Нарезной_batch_4,Комбинирование,1194,1215,21
Отрубной (общий)_batch_3,Расстойка,1194,1219,25
Формовой_batch_23,Смешивание,1194,1206,12
Сэндвич_batch_22,Остывание,1195,1240,45
Сэндвич_batch_26,Комбинирование,1195,1216,21
Плетенка_batch_2,Расстойка,1196,1221,25
Хлеб «Тартин бездрожжевой»_batch_1,Формовка,1196,1198,2
Хлеб «Тартин бездрожжевой»_batch_1,Расстойка,1198,1218,20
Булочка для гамбургера большой с кунжутом_batch_5,Остывание,1200,1245,45
Домашний_batch_1,Формовка,1200,1202,2
Славянский_batch_1,Смешивание,1200,1210,10
Формовой_batch_11,Выпекание,1201,1246,45
Домашний_batch_1,Расстойка,1202,1227,25
Датский_batch_1,Формовка,1203,1207,4
Формовой_batch_23,Формовка,1206,1217,11
Датский_batch_1,Расстойка,1207,1232,25
Славянский_batch_1,Формовка,1210,1211,1
Славянский_batch_1,Расстойка,1211,1236,25
Батон Нарезной_batch_4,Смешивание,1215,1225,10
Любимый_batch_4,Выпекание,1215,1232,17
Любимый_batch_5,Комбинирование,1215,1236,21
Бородинский_batch_1,Комбинирование,1216,1237,21
Сэндвич_batch_26,Смешивание,1216,1226,10
Формовой_batch_23,Расстойка,1217,1242,25
Багет новый_batch_3,Остывание,1219,1294,75
Отрубной (общий)_batch_3,Выпекание,1219,1236,17
Хлеб «Тартин бездрожжевой»_batch_1,Выпекание,1219,1235,16
Плетенка_batch_2,Выпекание,1221,1238,17
Батон Нарезной_batch_4,Формовка,1225,1236,11
Сэндвич_batch_26,Формовка,1226,1237,11
Домашний_batch_1,Выпекание,1232,1249,17
Любимый_batch_4,Остывание,1232,1292,60
Датский_batch_1,Выпекание,1235,1252,17
Хлеб «Тартин бездрожжевой»_batch_1,Остывание,1235,1295,60
Батон Нарезной_batch_4,Расстойка,1236,1261,25
Любимый_batch_5,Смешивание,1236,1246,10
Отрубной (общий)_batch_3,Остывание,1236,1296,60
Славянский_batch_1,Выпекание,1236,1253,17
Формовой_batch_18,Комбинирование,1236,1257,21
Бородинский_batch_1,Смешивание,1237,1247,10
Жайлы_batch_2,Комбинирование,1237,1256,19
Сэндвич_batch_26,Расстойка,1237,1262,25
Плетенка_batch_2,Остывание,1238,1298,60
Формовой_batch_23,Выпекание,1242,1287,45
Любимый_batch_5,Формовка,1246,1257,11
Формовой_batch_11,Остывание,1246,1336,90
Бородинский_batch_1,Формовка,1247,1258,11
Домашний_batch_1,Остывание,1249,1309,60
Датский_batch_1,Остывание,1252,1312,60
Славянский_batch_1,Остывание,1253,1313,60
Багет новый_batch_2,Комбинирование,1256,1277,21
Жайлы_batch_2,Смешивание,1256,1266,10
Любимый_batch_5,Расстойка,1257,1282,25
Мини формовой_batch_4,Комбинирование,1257,1276,19
Формовой_batch_18,Смешивание,1257,1269,12
Бородинский_batch_1,Расстойка,1258,1278,20
Батон Нарезной_batch_4,Выпекание,1261,1278,17
Сэндвич_batch_26,Выпекание,1262,1284,22
Жайлы_batch_2,Формовка,1266,1276,10
Формовой_batch_18,Формовка,1269,1280,11
Жайлы_batch_2,Расстойка,1276,1301,25
Мини формовой_batch_4,Смешивание,1276,1288,12
Сэндвич_batch_36,Комбинирование,1276,1297,21
Багет новый_batch_2,Смешивание,1277,1287,10
Булочка для гамбургера большой с кунжутом_batch_9,Комбинирование,1277,1298,21
Батон Нарезной_batch_4,Остывание,1278,1338,60
Бородинский_batch_1,Выпекание,1278,1333,55
Формовой_batch_18,Расстойка,1280,1305,25
Любимый_batch_5,Выпекание,1282,1299,17
Сэндвич_batch_26,Остывание,1284,1329,45
Багет новый_batch_2,Формовка,1287,1298,11
Формовой_batch_23,Остывание,1287,1377,90
Мини формовой_batch_4,Формовка,1288,1298,10
Любимый_batch_9,Комбинирование,1297,1318,21
Сэндвич_batch_36,Смешивание,1297,1307,10
Багет новый_batch_2,Расстойка,1298,1323,25
Булочка для гамбургера большой с кунжутом_batch_9,Смешивание,1298,1308,10
Мини формовой_batch_4,Расстойка,1298,1323,25
Отрубной (общий)_batch_2,Комбинирование,1298,1319,21
Любимый_batch_5,Остывание,1299,1359,60
Жайлы_batch_2,Выпекание,1301,1318,17
Формовой_batch_18,Выпекание,1305,1350,45
Сэндвич_batch_36,Формовка,1307,1318,11
Булочка для гамбургера большой с кунжутом_batch_9,Формовка,1308,1319,11
Булочка для гамбургера большой с кунжутом_batch_8,Комбинирование,1318,1339,21
Жайлы_batch_2,Остывание,1318,1378,60
Любимый_batch_9,Смешивание,1318,1328,10
Сэндвич_batch_36,Расстойка,1318,1343,25
Бородинский_batch_6,Комбинирование,1319,1339,20
Булочка для гамбургера большой с кунжутом_batch_9,Расстойка,1319,1344,25
Отрубной (общий)_batch_2,Смешивание,1319,1329,10
Багет новый_batch_2,Выпекание,1323,1348,25
Мини формовой_batch_4,Выпекание,1323,1368,45
Любимый_batch_9,Формовка,1328,1339,11
Отрубной (общий)_batch_2,Формовка,1329,1340,11
Бородинский_batch_1,Остывание,1333,1453,120
Бородинский_batch_6,Смешивание,1339,1349,10
Булочка для гамбургера большой с кунжутом_batch_7,Комбинирование,1339,1360,21
Булочка для гамбургера большой с кунжутом_batch_8,Смешивание,1339,1349,10
Любимый_batch_9,Расстойка,1339,1364,25
Сэндвич_batch_16,Комбинирование,1339,1360,21
Отрубной (общий)_batch_2,Расстойка,1340,1365,25
Сэндвич_batch_36,Выпекание,1343,1365,22
Булочка для гамбургера большой с кунжутом_batch_9,Выпекание,1344,1366,22
Багет новый_batch_2,Остывание,1348,1423,75
Бородинский_batch_6,Формовка,1349,1360,11
Булочка для гамбургера большой с кунжутом_batch_8,Формовка,1349,1360,11
Формовой_batch_18,Остывание,1350,1440,90
Бородинский_batch_6,Расстойка,1360,1380,20
Булочка для гамбургера большой с кунжутом_batch_7,Смешивание,1360,1370,10
Булочка для гамбургера большой с кунжутом_batch_8,Расстойка,1360,1385,25
Сэндвич_batch_16,Смешивание,1360,1370,10
Сэндвич_batch_24,Комбинирование,1360,1381,21
Любимый_batch_9,Выпекание,1364,1381,17
Отрубной (общий)_batch_2,Выпекание,1365,1382,17
Сэндвич_batch_36,Остывание,1365,1410,45
Булочка для гамбургера большой с кунжутом_batch_9,Остывание,1366,1411,45
Мини формовой_batch_4,Остывание,1368,1458,90
Булочка для гамбургера большой с кунжутом_batch_7,Формовка,1370,1381,11
Сэндвич_batch_16,Формовка,1370,1381,11
Бородинский_batch_6,Выпекание,1380,1435,55
Булочка для гамбургера большой с кунжутом_batch_7,Расстойка,1381,1406,25
Любимый_batch_9,Остывание,1381,1441,60
Сэндвич_batch_16,Расстойка,1381,1406,25
Сэндвич_batch_24,Смешивание,1381,1391,10
Отрубной (общий)_batch_2,Остывание,1382,1442,60
Булочка для гамбургера большой с кунжутом_batch_8,Выпекание,1385,1407,22
Сэндвич_batch_24,Формовка,1391,1402,11
Сэндвич_batch_24,Расстойка,1402,1427,25
Булочка для гамбургера большой с кунжутом_batch_7,Выпекание,1406,1428,22
Сэндвич_batch_16,Выпекание,1406,1428,22
Булочка для гамбургера большой с кунжутом_batch_8,Остывание,1407,1452,45
Сэндвич_batch_24,Выпекание,1427,1449,22
Булочка для гамбургера большой с кунжутом_batch_7,Остывание,1428,1473,45
Сэндвич_batch_16,Остывание,1428,1473,45
Бородинский_batch_6,Остывание,1435,1555,120
Сэндвич_batch_24,Остывание,1449,1494,45
