Batch_ID,Stage,Start_Time_Min,End_Time_Min,Duration_Min
Батон Верный_batch_1,Комбинирование,0,9,9
Сэндвич_batch_34,Комбинирование,0,21,21
Батон Верный_batch_1,Смешивание,9,19,10
Формовой_batch_5,Комбинирование,9,30,21
Батон Верный_batch_1,Формовка,19,24,5
Булочка для гамбургера большой с кунжутом_batch_1,Комбинирование,21,42,21
Сэндвич_batch_34,Смешивание,22,32,10
Батон Верный_batch_1,Расстойка,28,53,25
Формовой_batch_5,Смешивание,30,42,12
Хлеб «Тартин бездрожжевой»_batch_1,Комбинирование,30,33,3
Сэндвич_batch_34,Формовка,32,43,11
Сэндвич_batch_2,Комбинирование,33,54,21
Хлеб «Тартин бездрожжевой»_batch_1,Смешивание,33,43,10
Булочка для гамбургера большой с кунжутом_batch_1,Смешивание,42,52,10
Формовой_batch_2,Комбинирование,42,63,21
Формовой_batch_5,Формовка,42,53,11
Хлеб «Тартин бездрожжевой»_batch_1,Формовка,43,45,2
Сэндвич_batch_34,Расстойка,45,70,25
Хлеб «Тартин бездрожжевой»_batch_1,Расстойка,45,65,20
Булочка для гамбургера большой с кунжутом_batch_1,Формовка,52,63,11
Батон Верный_batch_1,Выпекание,53,70,17
Булочка для гамбургера большой с кунжутом_batch_2,Комбинирование,54,75,21
Сэндвич_batch_2,Смешивание,54,64,10
Формовой_batch_5,Расстойка,57,82,25
Булочка для гамбургера большой с кунжутом_batch_1,Расстойка,63,88,25
Любимый_batch_1,Комбинирование,63,84,21
Формовой_batch_2,Смешивание,63,75,12
Сэндвич_batch_2,Формовка,65,76,11
Хлеб «Тартин бездрожжевой»_batch_1,Выпекание,65,81,16
Батон Верный_batch_1,Остывание,70,130,60
Сэндвич_batch_34,Выпекание,70,92,22
Булочка для гамбургера большой с кунжутом_batch_2,Смешивание,75,85,10
Сэндвич_batch_3,Комбинирование,75,96,21
Формовой_batch_2,Формовка,75,86,11
Сэндвич_batch_2,Расстойка,76,101,25
Хлеб «Тартин бездрожжевой»_batch_1,Остывание,81,141,60
Формовой_batch_5,Выпекание,82,127,45
Булочка для гамбургера большой с кунжутом_batch_3,Комбинирование,84,105,21
Любимый_batch_1,Смешивание,84,94,10
Булочка для гамбургера большой с кунжутом_batch_2,Формовка,85,96,11
Формовой_batch_2,Расстойка,86,111,25
Булочка для гамбургера большой с кунжутом_batch_1,Выпекание,88,110,22
Любимый_batch_1,Формовка,94,105,11
Сэндвич_batch_3,Смешивание,96,106,10
Формовой_batch_3,Комбинирование,96,117,21
Булочка для гамбургера большой с кунжутом_batch_2,Расстойка,97,122,25
Сэндвич_batch_2,Выпекание,101,123,22
Бородинский_batch_1,Комбинирование,105,126,21
Любимый_batch_1,Расстойка,105,130,25
Булочка для гамбургера большой с кунжутом_batch_3,Смешивание,106,116,10
Сэндвич_batch_3,Формовка,106,117,11
Булочка для гамбургера большой с кунжутом_batch_1,Остывание,110,155,45
Формовой_batch_2,Выпекание,111,156,45
Булочка для гамбургера большой с кунжутом_batch_3,Формовка,116,127,11
Сэндвич_batch_3,Расстойка,117,142,25
Сэндвич_batch_6,Комбинирование,117,138,21
Формовой_batch_3,Смешивание,117,129,12
Булочка для гамбургера большой с кунжутом_batch_2,Выпекание,122,144,22
Сэндвич_batch_2,Остывание,123,168,45
Бородинский_batch_1,Смешивание,126,136,10
Формовой_batch_1,Комбинирование,126,147,21
Формовой_batch_5,Остывание,127,217,90
Булочка для гамбургера большой с кунжутом_batch_3,Расстойка,128,153,25
Формовой_batch_3,Формовка,129,140,11
Любимый_batch_1,Выпекание,130,147,17
Бородинский_batch_1,Формовка,136,147,11
Булочка для гамбургера большой с кунжутом_batch_6,Комбинирование,138,159,21
Сэндвич_batch_6,Смешивание,138,148,10
Сэндвич_batch_3,Выпекание,142,164,22
Формовой_batch_3,Расстойка,143,168,25
Булочка для гамбургера большой с кунжутом_batch_2,Остывание,144,189,45
Бородинский_batch_1,Расстойка,147,167,20
Любимый_batch_1,Остывание,147,207,60
Сэндвич_batch_4,Комбинирование,147,168,21
Формовой_batch_1,Смешивание,147,159,12
Сэндвич_batch_6,Формовка,148,159,11
Булочка для гамбургера большой с кунжутом_batch_3,Выпекание,153,175,22
Формовой_batch_2,Остывание,156,246,90
Булочка для гамбургера большой с кунжутом_batch_6,Смешивание,159,169,10
Сэндвич_batch_6,Расстойка,159,184,25
Формовой_batch_1,Формовка,159,170,11
Формовой_batch_4,Комбинирование,159,180,21
Сэндвич_batch_3,Остывание,164,209,45
Бородинский_batch_1,Выпекание,167,222,55
Булочка для гамбургера большой с кунжутом_batch_7,Комбинирование,168,189,21
Сэндвич_batch_4,Смешивание,168,178,10
Формовой_batch_3,Выпекание,168,213,45
Булочка для гамбургера большой с кунжутом_batch_6,Формовка,169,180,11
Формовой_batch_1,Расстойка,170,195,25
Булочка для гамбургера большой с кунжутом_batch_3,Остывание,175,220,45
Сэндвич_batch_4,Формовка,178,189,11
Булочка для гамбургера большой с кунжутом_batch_6,Расстойка,180,205,25
Сэндвич_batch_7,Комбинирование,180,201,21
Формовой_batch_4,Смешивание,180,192,12
Сэндвич_batch_6,Выпекание,184,206,22
Булочка для гамбургера большой с кунжутом_batch_7,Смешивание,189,199,10
Сэндвич_batch_4,Расстойка,189,214,25
Формовой_batch_6,Комбинирование,189,210,21
Формовой_batch_4,Формовка,192,203,11
Формовой_batch_1,Выпекание,195,240,45
Булочка для гамбургера большой с кунжутом_batch_7,Формовка,199,210,11
Булочка для гамбургера большой с кунжутом_batch_5,Комбинирование,201,222,21
Сэндвич_batch_7,Смешивание,201,211,10
Формовой_batch_4,Расстойка,203,228,25
Булочка для гамбургера большой с кунжутом_batch_6,Выпекание,205,227,22
Сэндвич_batch_6,Остывание,206,251,45
Булочка для гамбургера большой с кунжутом_batch_7,Расстойка,210,235,25
Сэндвич_batch_5,Комбинирование,210,231,21
Формовой_batch_6,Смешивание,210,222,12
Сэндвич_batch_7,Формовка,211,222,11
Сэндвич_batch_4,Выпекание,214,236,22
Бородинский_batch_1,Остывание,222,342,120
Бородинский_batch_4,Комбинирование,222,243,21
Булочка для гамбургера большой с кунжутом_batch_5,Смешивание,222,232,10
Сэндвич_batch_7,Расстойка,222,247,25
Формовой_batch_6,Формовка,222,233,11
Формовой_batch_3,Остывание,224,314,90
Булочка для гамбургера большой с кунжутом_batch_6,Остывание,227,272,45
Формовой_batch_4,Выпекание,228,273,45
Булочка для гамбургера большой с кунжутом_batch_8,Комбинирование,231,252,21
Сэндвич_batch_5,Смешивание,231,241,10
Булочка для гамбургера большой с кунжутом_batch_5,Формовка,232,243,11
Формовой_batch_6,Расстойка,233,258,25
Булочка для гамбургера большой с кунжутом_batch_7,Выпекание,235,257,22
Сэндвич_batch_4,Остывание,237,282,45
Формовой_batch_1,Остывание,240,330,90
Сэндвич_batch_5,Формовка,241,252,11
Бородинский_batch_4,Смешивание,243,253,10
Булочка для гамбургера большой с кунжутом_batch_5,Расстойка,243,268,25
Сэндвич_batch_8,Комбинирование,243,264,21
Сэндвич_batch_7,Выпекание,247,269,22
Булочка для гамбургера большой с кунжутом_batch_8,Смешивание,252,262,10
Сэндвич_batch_5,Расстойка,252,277,25
Формовой_batch_7,Комбинирование,252,273,21
Бородинский_batch_4,Формовка,253,264,11
Булочка для гамбургера большой с кунжутом_batch_7,Остывание,257,302,45
Формовой_batch_6,Выпекание,258,303,45
Булочка для гамбургера большой с кунжутом_batch_8,Формовка,262,273,11
Бородинский_batch_4,Расстойка,264,284,20
Булочка для хотдога штучно_batch_3,Комбинирование,264,285,21
Сэндвич_batch_8,Смешивание,264,274,10
Булочка для гамбургера большой с кунжутом_batch_5,Выпекание,268,290,22
Сэндвич_batch_7,Остывание,269,314,45
Булочка для гамбургера большой с кунжутом_batch_8,Расстойка,273,298,25
Сэндвич_batch_9,Комбинирование,273,294,21
Формовой_batch_4,Остывание,273,363,90
Формовой_batch_7,Смешивание,273,285,12
Сэндвич_batch_8,Формовка,274,285,11
Сэндвич_batch_5,Выпекание,277,299,22
Бородинский_batch_4,Выпекание,284,339,55
Булочка для хотдога штучно_batch_3,Смешивание,285,295,10
Сэндвич_batch_8,Расстойка,285,310,25
Формовой_batch_7,Формовка,285,296,11
Формовой_batch_8,Комбинирование,285,306,21
Булочка для гамбургера большой с кунжутом_batch_5,Остывание,291,336,45
Багет новый_batch_4,Комбинирование,294,297,3
Сэндвич_batch_9,Смешивание,294,304,10
Булочка для хотдога штучно_batch_3,Формовка,295,306,11
Формовой_batch_7,Расстойка,296,321,25
Багет новый_batch_4,Смешивание,297,307,10
Любимый_batch_3,Комбинирование,297,318,21
Булочка для гамбургера большой с кунжутом_batch_8,Выпекание,298,320,22
Сэндвич_batch_5,Остывание,299,344,45
Формовой_batch_6,Остывание,303,393,90
Сэндвич_batch_9,Формовка,304,315,11
Булочка для хотдога штучно_batch_3,Расстойка,306,331,25
Сэндвич_batch_10,Комбинирование,306,327,21
Багет новый_batch_4,Формовка,307,309,2
Формовой_batch_8,Смешивание,307,319,12
Багет новый_batch_4,Расстойка,309,334,25
Сэндвич_batch_8,Выпекание,310,332,22
Сэндвич_batch_9,Расстойка,315,340,25
Славянский_batch_1,Комбинирование,318,320,2
Любимый_batch_3,Смешивание,319,329,10
Формовой_batch_8,Формовка,319,330,11
Булочка для гамбургера большой с кунжутом_batch_8,Остывание,320,365,45
Славянский_batch_1,Смешивание,320,330,10
Формовой_batch_9,Комбинирование,320,341,21
Формовой_batch_7,Выпекание,321,366,45
Хлеб «Зерновой»_batch_1,Комбинирование,327,348,21
Сэндвич_batch_10,Смешивание,328,338,10
Любимый_batch_3,Формовка,330,341,11
Славянский_batch_1,Формовка,330,331,1
Формовой_batch_8,Расстойка,330,355,25
Булочка для хотдога штучно_batch_3,Выпекание,331,353,22
Славянский_batch_1,Расстойка,331,356,25
Сэндвич_batch_8,Остывание,332,377,45
Багет новый_batch_4,Выпекание,334,359,25
Сэндвич_batch_10,Формовка,338,349,11
Сэндвич_batch_9,Выпекание,340,362,22
Бородинский_batch_3,Комбинирование,341,362,21
Любимый_batch_3,Расстойка,341,366,25
Формовой_batch_9,Смешивание,342,354,12
Сэндвич_batch_32,Комбинирование,348,369,21
Сэндвич_batch_10,Расстойка,349,374,25
Хлеб «Зерновой»_batch_1,Смешивание,349,359,10
Формовой_batch_9,Формовка,354,365,11
Формовой_batch_8,Выпекание,355,400,45
Славянский_batch_1,Выпекание,356,373,17
Багет новый_batch_4,Остывание,359,434,75
Хлеб «Зерновой»_batch_1,Формовка,359,370,11
Формовой_batch_10,Комбинирование,362,383,21
Бородинский_batch_3,Смешивание,363,373,10
Сэндвич_batch_9,Остывание,363,408,45
Любимый_batch_3,Выпекание,366,383,17
Любимый_batch_4,Комбинирование,369,390,21
Сэндвич_batch_32,Смешивание,370,380,10
Формовой_batch_9,Расстойка,370,395,25
Хлеб «Зерновой»_batch_1,Расстойка,370,395,25
Бородинский_batch_3,Формовка,373,384,11
Славянский_batch_1,Остывание,373,433,60
Сэндвич_batch_10,Выпекание,374,396,22
Сэндвич_batch_32,Формовка,380,391,11
Любимый_batch_3,Остывание,383,443,60
Мини формовой_batch_1,Комбинирование,383,404,21
Формовой_batch_10,Смешивание,384,396,12
Бородинский_batch_3,Расстойка,388,408,20
Булочка для гамбургера большой с кунжутом_batch_10,Комбинирование,390,411,21
Любимый_batch_4,Смешивание,391,401,10
Сэндвич_batch_32,Расстойка,391,416,25
Хлеб «Зерновой»_batch_1,Выпекание,395,420,25
Сэндвич_batch_10,Остывание,396,441,45
Формовой_batch_10,Формовка,397,408,11
Формовой_batch_9,Выпекание,400,445,45
Любимый_batch_4,Формовка,401,412,11
Формовой_batch_11,Комбинирование,404,425,21
Мини формовой_batch_1,Смешивание,405,417,12
Сэндвич_batch_11,Комбинирование,411,432,21
Булочка для гамбургера большой с кунжутом_batch_10,Смешивание,412,422,10
Любимый_batch_4,Расстойка,412,437,25
Бородинский_batch_3,Выпекание,413,468,55
Формовой_batch_10,Расстойка,413,438,25
Сэндвич_batch_32,Выпекание,416,438,22
Мини формовой_batch_1,Формовка,418,429,11
Хлеб «Зерновой»_batch_1,Остывание,420,495,75
Булочка для гамбургера большой с кунжутом_batch_10,Формовка,422,433,11
Любимый_batch_2,Комбинирование,425,446,21
Формовой_batch_11,Смешивание,426,438,12
Мини формовой_batch_1,Расстойка,429,454,25
Булочка для хотдога штучно_batch_4,Комбинирование,432,453,21
Булочка для гамбургера большой с кунжутом_batch_10,Расстойка,433,458,25
Сэндвич_batch_11,Смешивание,433,443,10
Любимый_batch_4,Выпекание,437,454,17
Формовой_batch_11,Формовка,438,449,11
Сэндвич_batch_11,Формовка,443,454,11
Формовой_batch_10,Выпекание,443,488,45
Сэндвич_batch_12,Комбинирование,446,467,21
Любимый_batch_2,Смешивание,447,457,10
Формовой_batch_11,Расстойка,453,478,25
Формовой_batch_15,Комбинирование,453,474,21
Булочка для хотдога штучно_batch_4,Смешивание,454,464,10
Любимый_batch_4,Остывание,454,514,60
Сэндвич_batch_11,Расстойка,454,479,25
Любимый_batch_2,Формовка,457,468,11
Мини формовой_batch_1,Выпекание,457,502,45
Булочка для гамбургера большой с кунжутом_batch_10,Выпекание,458,480,22
Формовой_batch_8,Остывание,460,550,90
Булочка для хотдога штучно_batch_4,Формовка,464,475,11
Бородинский_batch_5,Комбинирование,467,488,21
Любимый_batch_2,Расстойка,468,493,25
Сэндвич_batch_12,Смешивание,468,478,10
Любимый_batch_5,Комбинирование,474,495,21
Булочка для хотдога штучно_batch_4,Расстойка,475,500,25
Формовой_batch_15,Смешивание,475,487,12
Бородинский_batch_3,Остывание,478,598,120
Сэндвич_batch_12,Формовка,478,489,11
Сэндвич_batch_11,Выпекание,479,501,22
Булочка для гамбургера большой с кунжутом_batch_10,Остывание,480,525,45
Формовой_batch_11,Выпекание,483,528,45
Формовой_batch_15,Формовка,487,498,11
Сэндвич_batch_13,Комбинирование,488,509,21
Бородинский_batch_5,Смешивание,489,499,10
Сэндвич_batch_12,Расстойка,489,514,25
Любимый_batch_2,Выпекание,493,510,17
Формовой_batch_13,Комбинирование,495,516,21
Любимый_batch_5,Смешивание,496,506,10
Бородинский_batch_5,Формовка,499,510,11
Булочка для хотдога штучно_batch_4,Выпекание,501,523,22
Сэндвич_batch_11,Остывание,501,546,45
Формовой_batch_9,Остывание,501,591,90
Формовой_batch_15,Расстойка,502,527,25
Любимый_batch_5,Формовка,506,517,11
Булочка для гамбургера большой с кунжутом_batch_11,Комбинирование,509,530,21
Любимый_batch_2,Остывание,510,570,60
Сэндвич_batch_13,Смешивание,510,520,10
Бородинский_batch_4,Остывание,512,632,120
Бородинский_batch_5,Расстойка,514,534,20
Сэндвич_batch_12,Выпекание,514,536,22
Мини формовой_batch_2,Комбинирование,516,537,21
Любимый_batch_5,Расстойка,517,542,25
Формовой_batch_13,Смешивание,517,529,12
Формовой_batch_10,Остывание,519,609,90
Сэндвич_batch_13,Формовка,520,531,11
Мини формовой_batch_1,Остывание,521,611,90
Булочка для хотдога штучно_batch_4,Остывание,523,568,45
Формовой_batch_13,Формовка,529,540,11
Сэндвич_batch_14,Комбинирование,530,551,21
Булочка для гамбургера большой с кунжутом_batch_11,Смешивание,531,541,10
Формовой_batch_15,Выпекание,532,577,45
Сэндвич_batch_13,Расстойка,534,559,25
Бородинский_batch_5,Выпекание,535,590,55
Формовой_batch_14,Комбинирование,537,558,21
Мини формовой_batch_2,Смешивание,538,550,12
Булочка для гамбургера большой с кунжутом_batch_11,Формовка,541,552,11
Любимый_batch_5,Выпекание,542,559,17
Формовой_batch_13,Расстойка,544,569,25
Мини формовой_batch_2,Формовка,550,561,11
Сэндвич_batch_12,Остывание,550,595,45
Булочка для хотдога штучно_batch_5,Комбинирование,551,572,21
Булочка для гамбургера большой с кунжутом_batch_11,Расстойка,552,577,25
Сэндвич_batch_14,Смешивание,552,562,10
Любимый_batch_7,Комбинирование,558,579,21
Любимый_batch_5,Остывание,559,619,60
Сэндвич_batch_13,Выпекание,559,581,22
Формовой_batch_14,Смешивание,559,571,12
Сэндвич_batch_14,Формовка,562,573,11
Мини формовой_batch_2,Расстойка,565,590,25
Формовой_batch_14,Формовка,571,582,11
Формовой_batch_20,Комбинирование,572,593,21
Булочка для хотдога штучно_batch_5,Смешивание,573,583,10
Сэндвич_batch_14,Расстойка,573,598,25
Формовой_batch_13,Выпекание,574,619,45
Булочка для гамбургера большой с кунжутом_batch_11,Выпекание,577,599,22
Сэндвич_batch_15,Комбинирование,579,600,21
Любимый_batch_7,Смешивание,580,590,10
Булочка для хотдога штучно_batch_5,Формовка,583,594,11
Формовой_batch_14,Расстойка,586,611,25
Любимый_batch_7,Формовка,590,601,11
Бородинский_batch_6,Комбинирование,593,613,20
Булочка для хотдога штучно_batch_5,Расстойка,594,619,25
Формовой_batch_20,Смешивание,594,606,12
Мини формовой_batch_2,Выпекание,595,640,45
Сэндвич_batch_13,Остывание,596,641,45
Сэндвич_batch_14,Выпекание,598,620,22
Любимый_batch_6,Комбинирование,600,621,21
Любимый_batch_7,Расстойка,601,626,25
Сэндвич_batch_15,Смешивание,601,611,10
Бородинский_batch_5,Остывание,604,724,120
Формовой_batch_20,Формовка,606,617,11
Булочка для гамбургера большой с кунжутом_batch_11,Остывание,611,656,45
Сэндвич_batch_15,Формовка,611,622,11
Сэндвич_batch_16,Комбинирование,613,634,21
Бородинский_batch_6,Смешивание,614,624,10
Формовой_batch_14,Выпекание,616,661,45
Формовой_batch_20,Расстойка,617,642,25
Булочка для хотдога штучно_batch_5,Выпекание,619,641,22
Формовой_batch_16,Комбинирование,621,642,21
Любимый_batch_6,Смешивание,622,632,10
Бородинский_batch_6,Формовка,624,635,11
Сэндвич_batch_15,Расстойка,625,650,25
Любимый_batch_7,Выпекание,626,643,17
Формовой_batch_11,Остывание,626,716,90
Любимый_batch_6,Формовка,632,643,11
Сэндвич_batch_14,Остывание,632,677,45
Батон Нарезной_batch_1,Комбинирование,634,655,21
Сэндвич_batch_16,Смешивание,635,645,10
Бородинский_batch_6,Расстойка,639,659,20
Булочка для хотдога штучно_batch_5,Остывание,641,686,45
Семейный_batch_1,Комбинирование,642,663,21
Любимый_batch_6,Расстойка,643,668,25
Формовой_batch_16,Смешивание,643,655,12
Сэндвич_batch_16,Формовка,645,656,11
Формовой_batch_20,Выпекание,646,691,45
Мини формовой_batch_2,Остывание,648,738,90
Сэндвич_batch_15,Выпекание,650,672,22
Сэндвич_batch_18,Комбинирование,655,676,21
Батон Нарезной_batch_1,Смешивание,656,666,10
Формовой_batch_16,Формовка,656,667,11
Сэндвич_batch_16,Расстойка,659,684,25
Бородинский_batch_6,Выпекание,662,717,55
Формовой_batch_17,Комбинирование,663,684,21
Семейный_batch_1,Смешивание,664,674,10
Батон Нарезной_batch_1,Формовка,666,677,11
Любимый_batch_6,Выпекание,668,685,17
Формовой_batch_16,Расстойка,671,696,25
Сэндвич_batch_15,Остывание,672,717,45
Семейный_batch_1,Формовка,674,685,11
Мини формовой_batch_3,Комбинирование,676,697,21
Сэндвич_batch_18,Смешивание,677,687,10
Батон Нарезной_batch_1,Расстойка,681,706,25
Багет новый_batch_1,Комбинирование,684,705,21
Сэндвич_batch_16,Выпекание,684,706,22
Любимый_batch_6,Остывание,685,745,60
Формовой_batch_17,Смешивание,685,697,12
Семейный_batch_1,Расстойка,687,712,25
Сэндвич_batch_18,Формовка,687,698,11
Формовой_batch_14,Остывание,687,777,90
Сэндвич_batch_20,Комбинирование,697,718,21
Мини формовой_batch_3,Смешивание,698,710,12
Сэндвич_batch_18,Расстойка,698,723,25
Формовой_batch_17,Формовка,698,709,11
Формовой_batch_16,Выпекание,700,745,45
Формовой_batch_18,Комбинирование,705,726,21
Багет новый_batch_1,Смешивание,706,716,10
Формовой_batch_20,Остывание,706,796,90
Мини формовой_batch_3,Формовка,710,721,11
Батон Нарезной_batch_1,Выпекание,711,728,17
Формовой_batch_17,Расстойка,712,737,25
Багет новый_batch_1,Формовка,716,727,11
Семейный_batch_1,Выпекание,717,734,17
Булочка для гамбургера большой с кунжутом_batch_12,Комбинирование,718,739,21
Сэндвич_batch_20,Смешивание,718,728,10
Мини формовой_batch_3,Расстойка,721,746,25
Диета_batch_3,Комбинирование,726,747,21
Формовой_batch_18,Смешивание,727,739,12
Сэндвич_batch_18,Выпекание,728,750,22
Сэндвич_batch_20,Формовка,728,739,11
Багет новый_batch_1,Расстойка,731,756,25
Булочка для хотдога штучно_batch_3,Остывание,738,783,45
Сэндвич_batch_19,Комбинирование,739,760,21
Булочка для гамбургера большой с кунжутом_batch_12,Смешивание,740,750,10
Сэндвич_batch_20,Расстойка,740,765,25
Формовой_batch_18,Формовка,740,751,11
Формовой_batch_17,Выпекание,742,787,45
Диета_batch_3,Смешивание,747,757,10
Формовой_batch_19,Комбинирование,747,768,21
Булочка для гамбургера большой с кунжутом_batch_12,Формовка,750,761,11
Мини формовой_batch_3,Выпекание,750,795,45
Сэндвич_batch_18,Остывание,750,795,45
Формовой_batch_18,Расстойка,754,779,25
Диета_batch_3,Формовка,757,768,11
Багет новый_batch_1,Выпекание,759,784,25
Диета_batch_2,Комбинирование,760,781,21
Сэндвич_batch_19,Смешивание,760,770,10
Булочка для гамбургера большой с кунжутом_batch_12,Расстойка,761,786,25
Сэндвич_batch_20,Выпекание,765,787,22
Формовой_batch_16,Остывание,767,857,90
Булочка для гамбургера большой с кунжутом_batch_13,Комбинирование,768,789,21
Диета_batch_3,Расстойка,768,806,38
Формовой_batch_19,Смешивание,768,780,12
Сэндвич_batch_19,Формовка,770,781,11
Формовой_batch_19,Формовка,780,791,11
Диета_batch_2,Смешивание,781,791,10
Сэндвич_batch_19,Расстойка,781,806,25
Сэндвич_batch_21,Комбинирование,781,802,21
Формовой_batch_18,Выпекание,784,829,45
Булочка для гамбургера большой с кунжутом_batch_12,Выпекание,787,809,22
Сэндвич_batch_20,Остывание,787,832,45
Булочка для гамбургера большой с кунжутом_batch_13,Смешивание,789,799,10
Формовой_batch_12,Комбинирование,789,810,21
Диета_batch_2,Формовка,791,802,11
Формовой_batch_19,Расстойка,796,821,25
Формовой_batch_7,Остывание,796,886,90
Булочка для гамбургера большой с кунжутом_batch_13,Формовка,799,810,11
Батон Нарезной_batch_2,Комбинирование,802,823,21
Диета_batch_2,Расстойка,802,840,38
Сэндвич_batch_21,Смешивание,802,812,10
Диета_batch_3,Выпекание,806,841,35
Сэндвич_batch_19,Выпекание,806,828,22
Булочка для гамбургера большой с кунжутом_batch_12,Остывание,809,854,45
Булочка для гамбургера большой с кунжутом_batch_13,Расстойка,810,835,25
Отрубной (общий)_batch_1,Комбинирование,810,831,21
Формовой_batch_12,Смешивание,810,822,12
Сэндвич_batch_21,Формовка,812,823,11
Батон Нарезной_batch_1,Остывание,821,881,60
Батон Нарезной_batch_2,Смешивание,823,833,10
Сэндвич_batch_17,Комбинирование,823,844,21
Сэндвич_batch_21,Расстойка,823,848,25
Формовой_batch_12,Формовка,823,834,11
Формовой_batch_19,Выпекание,826,871,45
Сэндвич_batch_19,Остывание,828,873,45
Отрубной (общий)_batch_1,Смешивание,831,841,10
Формовой_batch_21,Комбинирование,831,852,21
Батон Нарезной_batch_2,Формовка,833,844,11
Булочка для гамбургера большой с кунжутом_batch_13,Выпекание,835,857,22
Формовой_batch_12,Расстойка,839,864,25
Диета_batch_2,Выпекание,840,875,35
Отрубной (общий)_batch_1,Формовка,841,852,11
Баварский Деревенский Ржаной_batch_1,Комбинирование,844,847,3
Сэндвич_batch_17,Смешивание,844,854,10
Формовой_batch_13,Остывание,845,935,90
Хлеб «Зерновой»_batch_2,Комбинирование,847,863,16
Баварский Деревенский Ржаной_batch_1,Смешивание,848,858,10
Сэндвич_batch_21,Выпекание,848,870,22
Батон Нарезной_batch_2,Расстойка,849,874,25
Отрубной (общий)_batch_1,Расстойка,852,877,25
Семейный_batch_3,Комбинирование,852,873,21
Формовой_batch_21,Смешивание,852,864,12
Сэндвич_batch_17,Формовка,854,865,11
Булочка для гамбургера большой с кунжутом_batch_13,Остывание,857,902,45
Баварский Деревенский Ржаной_batch_1,Формовка,858,860,2
Баварский Деревенский Ржаной_batch_1,Расстойка,860,890,30
Формовой_batch_15,Остывание,862,952,90
Мини формовой_batch_4,Комбинирование,863,882,19
Хлеб «Зерновой»_batch_2,Смешивание,863,873,10
Сэндвич_batch_17,Расстойка,865,890,25
Формовой_batch_21,Формовка,865,876,11
Формовой_batch_12,Выпекание,868,913,45
Сэндвич_batch_21,Остывание,870,915,45
Семейный_batch_3,Смешивание,873,883,10
Сэндвич_batch_22,Комбинирование,873,894,21
Хлеб «Зерновой»_batch_2,Формовка,874,883,9
Формовой_batch_21,Расстойка,876,901,25
Батон Нарезной_batch_2,Выпекание,877,894,17
Отрубной (общий)_batch_1,Выпекание,877,894,17
Формовой_batch_19,Остывание,881,971,90
Булочка для гамбургера большой с кунжутом_batch_15,Комбинирование,882,903,21
Мини формовой_batch_4,Смешивание,882,894,12
Семейный_batch_3,Формовка,883,894,11
Хлеб «Зерновой»_batch_2,Расстойка,883,908,25
Багет новый_batch_1,Остывание,884,959,75
Любимый_batch_7,Остывание,886,946,60
Баварский Деревенский Ржаной_batch_1,Выпекание,890,908,18
Сэндвич_batch_17,Выпекание,890,912,22
Формовой_batch_18,Остывание,891,981,90
Батон Нарезной_batch_2,Остывание,894,954,60
Булочка для хотдога штучно_batch_7,Комбинирование,894,912,18
Мини формовой_batch_4,Формовка,894,904,10
Отрубной (общий)_batch_1,Остывание,894,954,60
Семейный_batch_3,Расстойка,894,919,25
Сэндвич_batch_22,Смешивание,894,904,10
Формовой_batch_21,Выпекание,901,946,45
Сэндвич_batch_33,Комбинирование,903,924,21
Булочка для гамбургера большой с кунжутом_batch_15,Смешивание,904,914,10
Сэндвич_batch_22,Формовка,904,915,11
Мини формовой_batch_4,Расстойка,908,933,25
Баварский Деревенский Ржаной_batch_1,Остывание,909,999,90
Хлеб «Зерновой»_batch_2,Выпекание,909,934,25
Булочка для хотдога штучно_batch_7,Смешивание,912,922,10
Премиум_batch_1,Комбинирование,912,915,3
Булочка для гамбургера большой с кунжутом_batch_15,Формовка,914,925,11
Береке_batch_2,Комбинирование,915,933,18
Сэндвич_batch_22,Расстойка,915,940,25
Премиум_batch_1,Смешивание,916,926,10
Семейный_batch_3,Выпекание,919,936,17
Булочка для хотдога штучно_batch_7,Формовка,922,932,10
Багет новый_batch_2,Комбинирование,924,945,21
Булочка для гамбургера большой с кунжутом_batch_15,Расстойка,925,950,25
Сэндвич_batch_33,Смешивание,925,935,10
Формовой_batch_12,Остывание,925,1015,90
Премиум_batch_1,Формовка,926,928,2
Премиум_batch_1,Расстойка,928,953,25
Булочка для хотдога штучно_batch_7,Расстойка,932,957,25
Береке_batch_2,Смешивание,933,943,10
Сэндвич_batch_23,Комбинирование,933,954,21
Мини формовой_batch_4,Выпекание,934,979,45
Сэндвич_batch_16,Остывание,935,980,45
Сэндвич_batch_33,Формовка,936,947,11
Сэндвич_batch_22,Выпекание,940,962,22
Бородинский_batch_6,Остывание,941,1061,120
Береке_batch_2,Формовка,943,952,9
Багет новый_batch_2,Смешивание,945,955,10
Формовой_batch_22,Комбинирование,945,966,21
Сэндвич_batch_33,Расстойка,947,972,25
Булочка для гамбургера большой с кунжутом_batch_15,Выпекание,950,972,22
Береке_batch_2,Расстойка,952,972,20
Премиум_batch_1,Выпекание,953,978,25
Булочка для гамбургера большой с кунжутом_batch_14,Комбинирование,954,975,21
Сэндвич_batch_17,Остывание,954,999,45
Сэндвич_batch_23,Смешивание,954,964,10
Багет новый_batch_2,Формовка,955,966,11
Булочка для хотдога штучно_batch_7,Выпекание,957,979,22
Сэндвич_batch_22,Остывание,964,1009,45
Сэндвич_batch_23,Формовка,964,975,11
Багет новый_batch_2,Расстойка,966,991,25
Сэндвич_batch_36,Комбинирование,966,987,21
Формовой_batch_22,Смешивание,967,979,12
Семейный_batch_1,Остывание,971,1031,60
Береке_batch_2,Выпекание,972,988,16
Сэндвич_batch_33,Выпекание,972,994,22
Любимый_batch_8,Комбинирование,975,996,21
Сэндвич_batch_23,Расстойка,975,1000,25
Булочка для гамбургера большой с кунжутом_batch_14,Смешивание,976,986,10
Премиум_batch_1,Остывание,978,1053,75
Формовой_batch_22,Формовка,979,990,11
Булочка для гамбургера большой с кунжутом_batch_15,Остывание,980,1025,45
Булочка для гамбургера большой с кунжутом_batch_14,Формовка,986,997,11
Домашний_batch_1,Комбинирование,987,990,3
Сэндвич_batch_36,Смешивание,987,997,10
Береке_batch_2,Остывание,988,1048,60
Булочка для хотдога штучно_batch_6,Комбинирование,990,1011,21
Домашний_batch_1,Смешивание,990,1000,10
Багет новый_batch_2,Выпекание,991,1016,25
Диета_batch_2,Остывание,991,1081,90
Формовой_batch_22,Расстойка,993,1018,25
Любимый_batch_8,Смешивание,996,1006,10
Формовой_batch_24,Комбинирование,996,1017,21
Булочка для гамбургера большой с кунжутом_batch_14,Расстойка,997,1022,25
Сэндвич_batch_36,Формовка,997,1008,11
Формовой_batch_17,Остывание,998,1088,90
Домашний_batch_1,Формовка,1000,1002,2
Сэндвич_batch_23,Выпекание,1000,1022,22
Домашний_batch_1,Расстойка,1002,1027,25
Любимый_batch_8,Формовка,1006,1017,11
Сэндвич_batch_36,Расстойка,1009,1034,25
Булочка для хотдога штучно_batch_6,Смешивание,1011,1021,10
Сэндвич_batch_25,Комбинирование,1011,1032,21
Жайлы_batch_1,Комбинирование,1017,1038,21
Любимый_batch_8,Расстойка,1017,1042,25
Формовой_batch_24,Смешивание,1017,1029,12
Формовой_batch_22,Выпекание,1019,1064,45
Булочка для хотдога штучно_batch_6,Формовка,1021,1032,11
Булочка для гамбургера большой с кунжутом_batch_14,Выпекание,1022,1044,22
Багет новый_batch_2,Остывание,1023,1098,75
Сэндвич_batch_33,Остывание,1023,1068,45
Сэндвич_batch_23,Остывание,1026,1071,45
Домашний_batch_1,Выпекание,1027,1044,17
Формовой_batch_24,Формовка,1029,1040,11
Булочка для хотдога штучно_batch_6,Расстойка,1032,1057,25
Отрубной (общий)_batch_2,Комбинирование,1032,1053,21
Сэндвич_batch_25,Смешивание,1033,1043,10
Сэндвич_batch_36,Выпекание,1034,1056,22
Жайлы_batch_1,Смешивание,1038,1048,10
Семейный_batch_2,Комбинирование,1038,1059,21
Формовой_batch_24,Расстойка,1040,1065,25
Любимый_batch_8,Выпекание,1042,1059,17
Домашний_batch_1,Остывание,1044,1104,60
Сэндвич_batch_25,Формовка,1044,1055,11
Жайлы_batch_1,Формовка,1048,1059,11
Сэндвич_batch_29,Комбинирование,1053,1074,21
Отрубной (общий)_batch_2,Смешивание,1054,1064,10
Сэндвич_batch_25,Расстойка,1055,1080,25
Сэндвич_batch_36,Остывание,1056,1101,45
Булочка для хотдога штучно_batch_6,Выпекание,1057,1079,22
Жайлы_batch_1,Расстойка,1059,1084,25
Любимый_batch_8,Остывание,1059,1119,60
Семейный_batch_2,Смешивание,1059,1069,10
Формовой_batch_25,Комбинирование,1059,1069,10
Диета_batch_3,Остывание,1061,1151,90
Отрубной (общий)_batch_2,Формовка,1064,1075,11
Формовой_batch_24,Выпекание,1065,1110,45
Мини формовой_batch_4,Остывание,1067,1157,90
Мини формовой_batch_3,Остывание,1068,1158,90
Формовой_batch_22,Остывание,1068,1158,90
Батон Нарезной_batch_3,Комбинирование,1069,1090,21
Семейный_batch_2,Формовка,1069,1080,11
Формовой_batch_25,Смешивание,1069,1081,12
Зерновой Столичный_batch_1,Комбинирование,1074,1079,5
Сэндвич_batch_29,Смешивание,1074,1084,10
Отрубной (общий)_batch_2,Расстойка,1075,1100,25
Багет новый_batch_3,Комбинирование,1079,1100,21
Булочка для хотдога штучно_batch_6,Остывание,1079,1124,45
Зерновой Столичный_batch_1,Смешивание,1079,1089,10
Семейный_batch_2,Расстойка,1080,1105,25
Сэндвич_batch_25,Выпекание,1080,1102,22
Булочка для хотдога штучно_batch_7,Остывание,1081,1126,45
Формовой_batch_25,Формовка,1081,1087,6
Жайлы_batch_1,Выпекание,1084,1101,17
Сэндвич_batch_29,Формовка,1084,1095,11
Формовой_batch_25,Расстойка,1087,1112,25
Булочка для гамбургера большой с кунжутом_batch_14,Остывание,1088,1133,45
Зерновой Столичный_batch_1,Формовка,1089,1092,3
Батон Нарезной_batch_3,Смешивание,1090,1100,10
Сэндвич_batch_27,Комбинирование,1090,1111,21
Зерновой Столичный_batch_1,Расстойка,1092,1117,25
Сэндвич_batch_29,Расстойка,1095,1120,25
Багет новый_batch_3,Смешивание,1100,1110,10
Батон Нарезной_batch_3,Формовка,1100,1111,11
Любимый_batch_9,Комбинирование,1100,1121,21
Отрубной (общий)_batch_2,Выпекание,1100,1117,17
Сэндвич_batch_25,Остывание,1102,1147,45
Семейный_batch_2,Выпекание,1105,1122,17
Формовой_batch_24,Остывание,1110,1200,90
Багет новый_batch_3,Формовка,1111,1122,11
Батон Нарезной_batch_3,Расстойка,1111,1136,25
Формовой_batch_23,Комбинирование,1111,1132,21
Сэндвич_batch_27,Смешивание,1112,1122,10
Формовой_batch_25,Выпекание,1112,1157,45
Зерновой Столичный_batch_1,Выпекание,1117,1134,17
Отрубной (общий)_batch_2,Остывание,1117,1177,60
Сэндвич_batch_29,Выпекание,1120,1142,22
Любимый_batch_9,Смешивание,1121,1131,10
Сэндвич_batch_24,Комбинирование,1121,1142,21
Багет новый_batch_3,Расстойка,1122,1147,25
Семейный_batch_2,Остывание,1122,1182,60
Сэндвич_batch_27,Формовка,1122,1133,11
Любимый_batch_9,Формовка,1131,1142,11
Булочка для хотдога штучно_batch_2,Комбинирование,1132,1153,21
Формовой_batch_23,Смешивание,1133,1145,12
Зерновой Столичный_batch_1,Остывание,1134,1194,60
Сэндвич_batch_27,Расстойка,1134,1159,25
Батон Нарезной_batch_3,Выпекание,1136,1153,17
Жайлы_batch_1,Остывание,1138,1198,60
Бородинский_batch_2,Комбинирование,1142,1163,21
Любимый_batch_9,Расстойка,1142,1167,25
Сэндвич_batch_24,Смешивание,1143,1153,10
Формовой_batch_23,Формовка,1145,1156,11
Багет новый_batch_3,Выпекание,1148,1173,25
Береке_batch_1,Комбинирование,1153,1174,21
Сэндвич_batch_24,Формовка,1153,1164,11
Батон Нарезной_batch_3,Остывание,1154,1214,60
Булочка для хотдога штучно_batch_2,Смешивание,1154,1164,10
Семейный_batch_3,Остывание,1155,1215,60
Формовой_batch_23,Расстойка,1156,1181,25
Формовой_batch_25,Остывание,1157,1247,90
Хлеб «Зерновой»_batch_2,Остывание,1158,1233,75
Сэндвич_batch_27,Выпекание,1159,1181,22
Бородинский_batch_2,Смешивание,1163,1173,10
Сэндвич_batch_30,Комбинирование,1163,1184,21
Булочка для хотдога штучно_batch_2,Формовка,1164,1175,11
Сэндвич_batch_24,Расстойка,1164,1189,25
Формовой_batch_21,Остывание,1165,1255,90
Любимый_batch_9,Выпекание,1167,1184,17
Береке_batch_1,Смешивание,1174,1184,10
Бородинский_batch_2,Формовка,1174,1185,11
Булочка для гамбургера большой с кунжутом_batch_4,Комбинирование,1174,1195,21
Булочка для хотдога штучно_batch_2,Расстойка,1175,1200,25
Формовой_batch_23,Выпекание,1181,1226,45
Береке_batch_1,Формовка,1184,1195,11
Жайлы_batch_2,Комбинирование,1184,1203,19
Любимый_batch_9,Остывание,1184,1244,60
Сэндвич_batch_30,Смешивание,1184,1194,10
Бородинский_batch_2,Расстойка,1185,1205,20
Сэндвич_batch_24,Выпекание,1189,1211,22
Багет новый_batch_3,Остывание,1190,1265,75
Сэндвич_batch_30,Формовка,1194,1205,11
Булочка для гамбургера большой с кунжутом_batch_4,Смешивание,1195,1205,10
Сэндвич_batch_31,Комбинирование,1195,1216,21
Береке_batch_1,Расстойка,1197,1217,20
Булочка для хотдога штучно_batch_2,Выпекание,1200,1222,22
Жайлы_batch_2,Смешивание,1203,1213,10
Отрубной (общий)_batch_3,Комбинирование,1203,1223,20
Бородинский_batch_2,Выпекание,1205,1260,55
Булочка для гамбургера большой с кунжутом_batch_4,Формовка,1205,1216,11
Сэндвич_batch_30,Расстойка,1205,1230,25
Сэндвич_batch_24,Остывание,1211,1256,45
Жайлы_batch_2,Формовка,1213,1223,10
Сэндвич_batch_27,Остывание,1214,1259,45
Булочка для гамбургера большой с кунжутом_batch_4,Расстойка,1216,1241,25
Диета_batch_4,Комбинирование,1216,1232,16
Сэндвич_batch_31,Смешивание,1216,1226,10
Береке_batch_1,Выпекание,1222,1238,16
Булочка для хотдога штучно_batch_2,Остывание,1222,1267,45
Жайлы_batch_2,Расстойка,1223,1248,25
Здоровье_batch_1,Комбинирование,1223,1226,3
Отрубной (общий)_batch_3,Смешивание,1223,1233,10
Здоровье_batch_1,Смешивание,1226,1236,10
Семейный_batch_4,Комбинирование,1226,1245,19
Сэндвич_batch_31,Формовка,1226,1237,11
Сэндвич_batch_30,Выпекание,1230,1252,22
Батон Нарезной_batch_5,Комбинирование,1232,1233,1
Диета_batch_4,Смешивание,1232,1242,10
Батон Нарезной_batch_5,Смешивание,1233,1243,10
Отрубной (общий)_batch_3,Формовка,1233,1244,11
Сэндвич_batch_35,Комбинирование,1233,1254,21
Здоровье_batch_1,Формовка,1237,1239,2
Сэндвич_batch_31,Расстойка,1237,1262,25
Здоровье_batch_1,Расстойка,1239,1264,25
Береке_batch_1,Остывание,1242,1302,60
Булочка для гамбургера большой с кунжутом_batch_4,Выпекание,1242,1264,22
Диета_batch_4,Формовка,1242,1251,9
Батон Нарезной_batch_5,Формовка,1244,1245,1
Отрубной (общий)_batch_3,Расстойка,1244,1269,25
Сэндвич_batch_29,Остывание,1244,1289,45
Булочка для хотдога штучно_batch_1,Комбинирование,1245,1266,21
Семейный_batch_4,Смешивание,1245,1255,10
Жайлы_batch_2,Выпекание,1248,1265,17
Батон Нарезной_batch_5,Расстойка,1249,1274,25
Диета_batch_4,Расстойка,1251,1289,38
Диета_batch_1,Комбинирование,1254,1275,21
Семейный_batch_4,Формовка,1255,1265,10
Сэндвич_batch_35,Смешивание,1255,1265,10
Формовой_batch_23,Остывание,1257,1347,90
Бородинский_batch_2,Остывание,1260,1380,120
Здоровье_batch_1,Выпекание,1264,1282,18
Сэндвич_batch_31,Выпекание,1265,1287,22
Сэндвич_batch_35,Формовка,1265,1276,11
Булочка для хотдога штучно_batch_1,Смешивание,1266,1276,10
Сэндвич_batch_1,Комбинирование,1266,1287,21
Отрубной (общий)_batch_3,Выпекание,1269,1286,17
Семейный_batch_4,Расстойка,1269,1294,25
Батон Нарезной_batch_5,Выпекание,1274,1291,17
Диета_batch_1,Смешивание,1275,1285,10
Плетенка_batch_1,Комбинирование,1275,1296,21
Сэндвич_batch_30,Остывание,1275,1320,45
Булочка для хотдога штучно_batch_1,Формовка,1276,1287,11
Сэндвич_batch_35,Расстойка,1276,1301,25
Жайлы_batch_2,Остывание,1277,1337,60
Диета_batch_1,Формовка,1285,1296,11
Булочка для гамбургера большой с кунжутом_batch_9,Комбинирование,1287,1308,21
Булочка для хотдога штучно_batch_1,Расстойка,1287,1312,25
Сэндвич_batch_1,Смешивание,1287,1297,10
Диета_batch_4,Выпекание,1289,1324,35
Отрубной (общий)_batch_3,Остывание,1290,1350,60
Батон Нарезной_batch_5,Остывание,1291,1351,60
Семейный_batch_4,Выпекание,1294,1311,17
Диета_batch_1,Расстойка,1296,1334,38
Сэндвич_batch_28,Комбинирование,1296,1317,21
Плетенка_batch_1,Смешивание,1297,1307,10
Сэндвич_batch_1,Формовка,1297,1308,11
Сэндвич_batch_35,Выпекание,1301,1323,22
Здоровье_batch_1,Остывание,1302,1362,60
Сэндвич_batch_31,Остывание,1305,1350,45
Плетенка_batch_1,Формовка,1307,1318,11
Булочка для гамбургера большой с кунжутом_batch_9,Смешивание,1308,1318,10
Любимый_batch_10,Комбинирование,1308,1319,11
Сэндвич_batch_1,Расстойка,1308,1333,25
Булочка для хотдога штучно_batch_1,Выпекание,1312,1334,22
Плетенка_batch_2,Комбинирование,1317,1328,11
Сэндвич_batch_28,Смешивание,1317,1327,10
Булочка для гамбургера большой с кунжутом_batch_9,Формовка,1318,1329,11
Плетенка_batch_1,Расстойка,1318,1343,25
Семейный_batch_4,Остывание,1318,1378,60
Датский_batch_1,Комбинирование,1319,1326,7
Любимый_batch_10,Смешивание,1319,1329,10
Диета_batch_4,Остывание,1324,1414,90
Батон Нарезной_batch_4,Комбинирование,1326,1347,21
Датский_batch_1,Смешивание,1326,1336,10
Сэндвич_batch_28,Формовка,1327,1338,11
Чиабатта_batch_1,Комбинирование,1328,1333,5
Плетенка_batch_2,Смешивание,1329,1339,10
Любимый_batch_10,Формовка,1330,1336,6
Сэндвич_batch_1,Выпекание,1333,1355,22
Сэндвич_batch_26,Комбинирование,1333,1354,21
Чиабатта_batch_1,Смешивание,1333,1343,10
Булочка для гамбургера большой с кунжутом_batch_9,Расстойка,1334,1359,25
Булочка для хотдога штучно_batch_1,Остывание,1334,1379,45
Диета_batch_1,Выпекание,1334,1369,35
Сэндвич_batch_35,Остывание,1335,1380,45
Датский_batch_1,Формовка,1336,1340,4
Любимый_batch_10,Расстойка,1336,1361,25
Сэндвич_batch_28,Расстойка,1338,1363,25
Датский_batch_1,Расстойка,1340,1365,25
Плетенка_batch_2,Формовка,1340,1346,6
Плетенка_batch_1,Выпекание,1343,1360,17
Чиабатта_batch_1,Формовка,1343,1346,3
Чиабатта_batch_1,Расстойка,1346,1371,25
Багет отрубной_batch_1,Комбинирование,1347,1363,16
Батон Нарезной_batch_4,Смешивание,1347,1357,10
Булочка для гамбургера большой с кунжутом_batch_4,Остывание,1347,1392,45
Плетенка_batch_2,Расстойка,1347,1372,25
Булочка для гамбургера большой с кунжутом_batch_16,Комбинирование,1354,1359,5
Сэндвич_batch_26,Смешивание,1354,1364,10
Батон Нарезной_batch_4,Формовка,1357,1368,11
Багет луковый_batch_1,Комбинирование,1359,1371,12
Булочка для гамбургера большой с кунжутом_batch_9,Выпекание,1359,1381,22
Булочка для гамбургера большой с кунжутом_batch_16,Смешивание,1360,1370,10
Любимый_batch_10,Выпекание,1361,1378,17
Сэндвич_batch_28,Выпекание,1363,1385,22
Сэндвич_batch_37,Комбинирование,1363,1367,4
Багет отрубной_batch_1,Смешивание,1364,1374,10
Сэндвич_batch_26,Формовка,1364,1375,11
Датский_batch_1,Выпекание,1365,1382,17
Сэндвич_batch_1,Остывание,1366,1411,45
Сэндвич_batch_37,Смешивание,1367,1377,10
Батон Нарезной_batch_4,Расстойка,1368,1393,25
Багет луковый_batch_1,Смешивание,1371,1381,10
Булочка для гамбургера большой с кунжутом_batch_16,Формовка,1371,1374,3
Чиабатта_batch_1,Выпекание,1371,1396,25
Диета_batch_1,Остывание,1372,1462,90
Плетенка_batch_1,Остывание,1372,1432,60
Плетенка_batch_2,Выпекание,1372,1389,17
Булочка для гамбургера большой с кунжутом_batch_16,Расстойка,1374,1399,25
Багет отрубной_batch_1,Формовка,1375,1383,8
Сэндвич_batch_26,Расстойка,1375,1400,25
Сэндвич_batch_37,Формовка,1377,1379,2
Любимый_batch_10,Остывание,1378,1438,60
Сэндвич_batch_37,Расстойка,1379,1404,25
Багет луковый_batch_1,Формовка,1381,1388,7
Булочка для гамбургера большой с кунжутом_batch_9,Остывание,1381,1426,45
Датский_batch_1,Остывание,1382,1442,60
Багет отрубной_batch_1,Расстойка,1383,1408,25
Сэндвич_batch_28,Остывание,1385,1430,45
Багет луковый_batch_1,Расстойка,1388,1408,20
Плетенка_batch_2,Остывание,1389,1449,60
Батон Нарезной_batch_4,Выпекание,1393,1410,17
Сэндвич_batch_32,Остывание,1395,1440,45
Чиабатта_batch_1,Остывание,1396,1471,75
Булочка для гамбургера большой с кунжутом_batch_16,Выпекание,1399,1421,22
Сэндвич_batch_26,Выпекание,1400,1422,22
Сэндвич_batch_37,Выпекание,1404,1426,22
Багет луковый_batch_1,Выпекание,1408,1426,18
Багет отрубной_batch_1,Выпекание,1408,1426,18
Батон Нарезной_batch_4,Остывание,1410,1470,60
Сэндвич_batch_34,Остывание,1414,1459,45
Сэндвич_batch_26,Остывание,1422,1467,45
Багет луковый_batch_1,Остывание,1426,1471,45
Багет отрубной_batch_1,Остывание,1426,1471,45
Булочка для гамбургера большой с кунжутом_batch_16,Остывание,1426,1471,45
Сэндвич_batch_37,Остывание,1426,1471,45
